(kicad_pcb (version 20171130) (host pcbnew "(5.0.0)")

  (general
    (thickness 1.6)
    (drawings 11)
    (tracks 321)
    (zones 0)
    (modules 43)
    (nets 26)
  )

  (page A4)
  (layers
    (0 F.Cu signal)
    (31 B.Cu signal)
    (32 B.Adhes user hide)
    (33 F.Adhes user hide)
    (34 B.Paste user hide)
    (35 F.Paste user hide)
    (36 B.SilkS user hide)
    (37 F.SilkS user)
    (38 B.Mask user hide)
    (39 F.Mask user hide)
    (40 Dwgs.User user)
    (41 Cmts.User user)
    (42 Eco1.User user)
    (43 Eco2.User user)
    (44 Edge.Cuts user)
    (45 Margin user)
    (46 B.CrtYd user)
    (47 F.CrtYd user)
    (48 B.Fab user hide)
    (49 F.Fab user hide)
  )

  (setup
    (last_trace_width 0.2)
    (user_trace_width 0.2)
    (user_trace_width 0.4)
    (user_trace_width 0.6)
    (user_trace_width 0.8)
    (user_trace_width 1)
    (trace_clearance 0.2)
    (zone_clearance 0.2)
    (zone_45_only no)
    (trace_min 0.2)
    (segment_width 0.2)
    (edge_width 0.15)
    (via_size 0.8)
    (via_drill 0.4)
    (via_min_size 0.8)
    (via_min_drill 0.2)
    (uvia_size 0.3)
    (uvia_drill 0.1)
    (uvias_allowed no)
    (uvia_min_size 0.2)
    (uvia_min_drill 0.1)
    (pcb_text_width 0.3)
    (pcb_text_size 1.5 1.5)
    (mod_edge_width 0.15)
    (mod_text_size 1 1)
    (mod_text_width 0.15)
    (pad_size 1.524 1.524)
    (pad_drill 0.762)
    (pad_to_mask_clearance 0.2)
    (aux_axis_origin 0 0)
    (visible_elements 7FFFFF7F)
    (pcbplotparams
      (layerselection 0x010fc_ffffffff)
      (usegerberextensions false)
      (usegerberattributes false)
      (usegerberadvancedattributes false)
      (creategerberjobfile false)
      (excludeedgelayer true)
      (linewidth 0.100000)
      (plotframeref false)
      (viasonmask false)
      (mode 1)
      (useauxorigin false)
      (hpglpennumber 1)
      (hpglpenspeed 20)
      (hpglpendiameter 15.000000)
      (psnegative false)
      (psa4output false)
      (plotreference true)
      (plotvalue true)
      (plotinvisibletext false)
      (padsonsilk false)
      (subtractmaskfromsilk false)
      (outputformat 1)
      (mirror false)
      (drillshape 1)
      (scaleselection 1)
      (outputdirectory ""))
  )

  (net 0 "")
  (net 1 GNDPWR)
  (net 2 "Net-(C3-Pad1)")
  (net 3 GNDD)
  (net 4 +5V)
  (net 5 "Net-(C6-Pad2)")
  (net 6 "Net-(C7-Pad1)")
  (net 7 "Net-(C8-Pad1)")
  (net 8 "Net-(D1-Pad1)")
  (net 9 "Net-(D2-Pad1)")
  (net 10 VCC)
  (net 11 "Net-(D3-Pad1)")
  (net 12 "Net-(D3-Pad3)")
  (net 13 "Net-(D3-Pad4)")
  (net 14 /SDA)
  (net 15 /SCL)
  (net 16 "Net-(J6-Pad1)")
  (net 17 "Net-(J6-Pad3)")
  (net 18 /INPUT)
  (net 19 "Net-(R3-Pad2)")
  (net 20 "Net-(R4-Pad2)")
  (net 21 /REFout2)
  (net 22 /Vout)
  (net 23 /EAout)
  (net 24 /ch2-)
  (net 25 /COMP)

  (net_class Default "This is the default net class."
    (clearance 0.2)
    (trace_width 0.2)
    (via_dia 0.8)
    (via_drill 0.4)
    (uvia_dia 0.3)
    (uvia_drill 0.1)
    (diff_pair_gap 0.2)
    (diff_pair_width 0.2)
    (add_net +5V)
    (add_net /COMP)
    (add_net /EAout)
    (add_net /INPUT)
    (add_net /REFout2)
    (add_net /SCL)
    (add_net /SDA)
    (add_net /Vout)
    (add_net /ch2-)
    (add_net GNDD)
    (add_net GNDPWR)
    (add_net "Net-(C3-Pad1)")
    (add_net "Net-(C6-Pad2)")
    (add_net "Net-(C7-Pad1)")
    (add_net "Net-(C8-Pad1)")
    (add_net "Net-(D1-Pad1)")
    (add_net "Net-(D2-Pad1)")
    (add_net "Net-(D3-Pad1)")
    (add_net "Net-(D3-Pad3)")
    (add_net "Net-(D3-Pad4)")
    (add_net "Net-(J6-Pad1)")
    (add_net "Net-(J6-Pad3)")
    (add_net "Net-(R3-Pad2)")
    (add_net "Net-(R4-Pad2)")
    (add_net VCC)
  )

  (module Mlab_D:MSB-2 (layer B.Cu) (tedit 5C9CA7AC) (tstamp 5C9B3673)
    (at -1.016 12.446 180)
    (path /5C954A3E)
    (fp_text reference D3 (at -3.556 1.524 180) (layer B.SilkS)
      (effects (font (size 1 1) (thickness 0.15)) (justify mirror))
    )
    (fp_text value CDBHM260L-HF (at 6.1 -3.1 180) (layer B.Fab)
      (effects (font (size 1 1) (thickness 0.15)) (justify mirror))
    )
    (fp_line (start -2.4 1.2) (end 2.426 1.2) (layer B.SilkS) (width 0.15))
    (fp_line (start 2.47 3.405) (end 2.47 2.643) (layer B.SilkS) (width 0.15))
    (fp_line (start 2.089 3.024) (end 2.851 3.024) (layer B.SilkS) (width 0.15))
    (fp_line (start -2.635 3) (end -2 3) (layer B.SilkS) (width 0.15))
    (fp_line (start -2.413 -2.159) (end -2.413 2.159) (layer B.SilkS) (width 0.15))
    (fp_line (start 2.413 -2.159) (end -2.413 -2.159) (layer B.SilkS) (width 0.15))
    (fp_line (start 2.413 2.159) (end 2.413 -2.159) (layer B.SilkS) (width 0.15))
    (fp_line (start -2.413 2.159) (end 2.413 2.159) (layer B.SilkS) (width 0.15))
    (pad 4 smd rect (at -1.27 -3.04 180) (size 0.9 1) (layers B.Cu B.Paste B.Mask)
      (net 13 "Net-(D3-Pad4)"))
    (pad 3 smd rect (at 1.27 -3.04 180) (size 0.9 1) (layers B.Cu B.Paste B.Mask)
      (net 12 "Net-(D3-Pad3)"))
    (pad 1 smd rect (at 1.27 3.04 180) (size 0.9 1) (layers B.Cu B.Paste B.Mask)
      (net 11 "Net-(D3-Pad1)"))
    (pad 2 smd rect (at -1.27 3.04 180) (size 0.9 1) (layers B.Cu B.Paste B.Mask)
      (net 1 GNDPWR))
  )

  (module Mlab_TR:L01ZxxxS05 locked (layer F.Cu) (tedit 5C9B2B33) (tstamp 5C9B5863)
    (at 27.94 23.622)
    (path /5C9014AB)
    (fp_text reference TR1 (at 27.432 -1.27) (layer F.SilkS)
      (effects (font (size 1 1) (thickness 0.15)))
    )
    (fp_text value L01ZxxxS05 (at 19.5 -2.9) (layer F.Fab)
      (effects (font (size 1 1) (thickness 0.15)))
    )
    (fp_line (start 5 -18.6) (end 5 -20.2) (layer F.SilkS) (width 0.15))
    (fp_line (start 5 -2.5) (end 5 -4.5) (layer F.SilkS) (width 0.15))
    (fp_line (start 5 -8.5) (end 5 -10) (layer F.SilkS) (width 0.15))
    (fp_line (start 5 -10.8) (end 5 -12.4) (layer F.SilkS) (width 0.15))
    (fp_line (start 5 -5.6) (end 5 -7.4) (layer F.SilkS) (width 0.15))
    (fp_line (start 5 -15.8) (end 5 -17.3) (layer F.SilkS) (width 0.15))
    (fp_line (start 5 -13.2) (end 5 -14.9) (layer F.SilkS) (width 0.15))
    (fp_line (start 20 -18.6) (end 20 -20.2) (layer F.SilkS) (width 0.15))
    (fp_line (start 20 -15.8) (end 20 -17.3) (layer F.SilkS) (width 0.15))
    (fp_line (start 20 -13.2) (end 20 -14.9) (layer F.SilkS) (width 0.15))
    (fp_line (start 20 -10.8) (end 20 -12.4) (layer F.SilkS) (width 0.15))
    (fp_line (start 20 -8.5) (end 20 -10) (layer F.SilkS) (width 0.15))
    (fp_line (start 20 -5.6) (end 20 -7.4) (layer F.SilkS) (width 0.15))
    (fp_line (start 20 -2.5) (end 20 -4.5) (layer F.SilkS) (width 0.15))
    (fp_line (start 13.2 -2.9) (end 13.2 -2.4) (layer F.SilkS) (width 0.15))
    (fp_line (start 12.4 -2.9) (end 13.2 -2.9) (layer F.SilkS) (width 0.15))
    (fp_line (start 12.4 -2.4) (end 12.4 -2.9) (layer F.SilkS) (width 0.15))
    (fp_line (start 12.8 -2.5) (end 12.8 -2.9) (layer F.SilkS) (width 0.15))
    (fp_line (start -7.9 -7.7) (end -8.6 -7.7) (layer F.SilkS) (width 0.15))
    (fp_line (start -7.9 -20.2) (end -7.9 -7.7) (layer F.SilkS) (width 0.15))
    (fp_line (start 28 -20.2) (end -7.9 -20.2) (layer F.SilkS) (width 0.15))
    (fp_line (start 28 -7.7) (end 28 -20.2) (layer F.SilkS) (width 0.15))
    (fp_line (start 28.7 -7.7) (end 28 -7.7) (layer F.SilkS) (width 0.15))
    (fp_line (start 28.8 -2.4) (end 28.8 -7.7) (layer F.SilkS) (width 0.15))
    (fp_line (start -8.6 -2.4) (end 28.8 -2.4) (layer F.SilkS) (width 0.15))
    (fp_line (start -8.6 -7.7) (end -8.6 -2.4) (layer F.SilkS) (width 0.15))
    (pad MP thru_hole circle (at 27.3 -5.2) (size 2.5 2.5) (drill 1.4) (layers *.Cu *.Mask))
    (pad MP thru_hole circle (at -1.7 -17.2) (size 2.5 2.5) (drill 1.4) (layers *.Cu *.Mask))
    (pad 3 thru_hole circle (at 0 0) (size 1.524 1.524) (drill 0.8) (layers *.Cu *.Mask)
      (net 4 +5V))
    (pad 1 thru_hole circle (at -5.08 0) (size 1.524 1.524) (drill 0.8) (layers *.Cu *.Mask)
      (net 22 /Vout))
    (pad 2 thru_hole circle (at -2.54 0) (size 1.524 1.524) (drill 0.8) (layers *.Cu *.Mask)
      (net 3 GNDD))
  )

  (module Mlab_CON:XT30PW-M locked (layer F.Cu) (tedit 5C9CA9CF) (tstamp 5C9B57EA)
    (at 11.43 16.002 180)
    (path /5C6DCE91)
    (fp_text reference J1 (at -6.096 -7.366 180) (layer F.SilkS)
      (effects (font (size 1 1) (thickness 0.15)))
    )
    (fp_text value "IN 50V(max)" (at 6.096 2.032 270) (layer F.SilkS)
      (effects (font (size 1 1) (thickness 0.15)))
    )
    (fp_line (start -5 -6.5) (end -7 -6.5) (layer F.SilkS) (width 0.15))
    (fp_line (start -7 -6.5) (end -7 -3.5) (layer F.SilkS) (width 0.15))
    (fp_line (start -7 -3.5) (end -5 -3.5) (layer F.SilkS) (width 0.15))
    (fp_line (start 5 -6.5) (end 7 -6.5) (layer F.SilkS) (width 0.15))
    (fp_line (start 7 -6.5) (end 7 -3.5) (layer F.SilkS) (width 0.15))
    (fp_line (start 7 -3.5) (end 5 -3.5) (layer F.SilkS) (width 0.15))
    (fp_line (start -5 -3.5) (end -5 1.5) (layer F.SilkS) (width 0.15))
    (fp_line (start -5 1.5) (end 5 1.5) (layer F.SilkS) (width 0.15))
    (fp_line (start 5 1.5) (end 5 -3.5) (layer F.SilkS) (width 0.15))
    (fp_line (start -5 -6.5) (end -5 -8.5) (layer F.SilkS) (width 0.15))
    (fp_line (start -5 -8.5) (end 5 -8.5) (layer F.SilkS) (width 0.15))
    (fp_line (start 5 -8.5) (end 5 -6.5) (layer F.SilkS) (width 0.15))
    (fp_line (start -4 1.5) (end -4 3) (layer F.SilkS) (width 0.15))
    (fp_line (start -4 3) (end -1 3) (layer F.SilkS) (width 0.15))
    (fp_line (start -1 3) (end -1 1.5) (layer F.SilkS) (width 0.15))
    (fp_line (start 1 1.5) (end 1 3) (layer F.SilkS) (width 0.15))
    (fp_line (start 1 3) (end 4 3) (layer F.SilkS) (width 0.15))
    (fp_line (start 4 3) (end 4 1.5) (layer F.SilkS) (width 0.15))
    (fp_line (start -5 -2) (end 5 -2) (layer F.SilkS) (width 0.15))
    (pad 1 thru_hole circle (at -2.5 5 180) (size 3.5 3.5) (drill 1.9) (layers *.Cu *.Mask)
      (net 12 "Net-(D3-Pad3)"))
    (pad 2 thru_hole circle (at 2.5 5 180) (size 3.5 3.5) (drill 1.9) (layers *.Cu *.Mask)
      (net 13 "Net-(D3-Pad4)"))
    (pad MP thru_hole circle (at 5.5 -5 180) (size 2 2) (drill 1.2) (layers *.Cu *.Mask))
    (pad MP thru_hole circle (at -5.5 -5 180) (size 2 2) (drill 1.2) (layers *.Cu *.Mask))
  )

  (module Mlab_Pin_Headers:Straight_2x05 (layer F.Cu) (tedit 5C9CAA2E) (tstamp 5C9B36B3)
    (at 16.764 -0.254 90)
    (descr "pin header straight 2x05")
    (tags "pin header straight 2x05")
    (path /5C88C2EF)
    (fp_text reference J4 (at -3.556 -3.81 180) (layer F.SilkS) hide
      (effects (font (size 1 1) (thickness 0.15)))
    )
    (fp_text value "BUS I2C" (at 3.556 0 180) (layer F.SilkS)
      (effects (font (size 1 1) (thickness 0.2)))
    )
    (fp_text user 1 (at -2.921 -5.08 90) (layer F.SilkS)
      (effects (font (size 0.5 0.5) (thickness 0.05)))
    )
    (fp_line (start -2.54 -6.35) (end 2.54 -6.35) (layer F.SilkS) (width 0.15))
    (fp_line (start 2.54 -6.35) (end 2.54 6.35) (layer F.SilkS) (width 0.15))
    (fp_line (start 2.54 6.35) (end -2.54 6.35) (layer F.SilkS) (width 0.15))
    (fp_line (start -2.54 6.35) (end -2.54 -6.35) (layer F.SilkS) (width 0.15))
    (pad 1 thru_hole rect (at -1.27 -5.08 90) (size 1.524 1.524) (drill 0.889) (layers *.Cu *.Mask F.SilkS)
      (net 3 GNDD))
    (pad 2 thru_hole rect (at 1.27 -5.08 90) (size 1.524 1.524) (drill 0.889) (layers *.Cu *.Mask F.SilkS)
      (net 3 GNDD))
    (pad 3 thru_hole rect (at -1.27 -2.54 90) (size 1.524 1.524) (drill 0.889) (layers *.Cu *.Mask F.SilkS)
      (net 14 /SDA))
    (pad 4 thru_hole rect (at 1.27 -2.54 90) (size 1.524 1.524) (drill 0.889) (layers *.Cu *.Mask F.SilkS)
      (net 14 /SDA))
    (pad 5 thru_hole rect (at -1.27 0 90) (size 1.524 1.524) (drill 0.889) (layers *.Cu *.Mask F.SilkS)
      (net 10 VCC))
    (pad 6 thru_hole rect (at 1.27 0 90) (size 1.524 1.524) (drill 0.889) (layers *.Cu *.Mask F.SilkS)
      (net 10 VCC))
    (pad 7 thru_hole rect (at -1.27 2.54 90) (size 1.524 1.524) (drill 0.889) (layers *.Cu *.Mask F.SilkS)
      (net 15 /SCL))
    (pad 8 thru_hole rect (at 1.27 2.54 90) (size 1.524 1.524) (drill 0.889) (layers *.Cu *.Mask F.SilkS)
      (net 15 /SCL))
    (pad 9 thru_hole rect (at -1.27 5.08 90) (size 1.524 1.524) (drill 0.889) (layers *.Cu *.Mask F.SilkS)
      (net 3 GNDD))
    (pad 10 thru_hole rect (at 1.27 5.08 90) (size 1.524 1.524) (drill 0.889) (layers *.Cu *.Mask F.SilkS)
      (net 3 GNDD))
    (model Pin_Headers/Pin_Header_Straight_2x05.wrl
      (at (xyz 0 0 0))
      (scale (xyz 1 1 1))
      (rotate (xyz 0 0 90))
    )
  )

  (module Mlab_Pin_Headers:Straight_2x01 (layer F.Cu) (tedit 5C9CAA29) (tstamp 5C9B36BD)
    (at 5.842 -0.254 90)
    (descr "pin header straight 2x01")
    (tags "pin header straight 2x01")
    (path /5C80A53A)
    (fp_text reference J5 (at -3.556 0 180) (layer F.SilkS) hide
      (effects (font (size 1 1) (thickness 0.15)))
    )
    (fp_text value EXT_POWER (at 3.556 0 180) (layer F.SilkS)
      (effects (font (size 0.8 0.8) (thickness 0.15)))
    )
    (fp_line (start -2.54 -1.27) (end 2.54 -1.27) (layer F.SilkS) (width 0.15))
    (fp_line (start 2.54 -1.27) (end 2.54 1.27) (layer F.SilkS) (width 0.15))
    (fp_line (start 2.54 1.27) (end -2.54 1.27) (layer F.SilkS) (width 0.15))
    (fp_line (start -2.54 1.27) (end -2.54 -1.27) (layer F.SilkS) (width 0.15))
    (pad 1 thru_hole rect (at -1.27 0 90) (size 1.524 1.524) (drill 0.889) (layers *.Cu *.Mask F.SilkS)
      (net 8 "Net-(D1-Pad1)"))
    (pad 2 thru_hole rect (at 1.27 0 90) (size 1.524 1.524) (drill 0.889) (layers *.Cu *.Mask F.SilkS)
      (net 1 GNDPWR))
    (model Pin_Headers/Pin_Header_Straight_2x01.wrl
      (at (xyz 0 0 0))
      (scale (xyz 1 1 1))
      (rotate (xyz 0 0 90))
    )
    (model ${MLAB}/src/3d/mechanical/header_1_2.step
      (at (xyz 0 0 0))
      (scale (xyz 1 1 1))
      (rotate (xyz 0 0 0))
    )
  )

  (module Mlab_Pin_Headers:Straight_2x02 (layer F.Cu) (tedit 5C9C845E) (tstamp 5C9B36CA)
    (at 60.96 9.144 90)
    (descr "pin header straight 2x02")
    (tags "pin header straight 2x02")
    (path /5C8B6B40)
    (fp_text reference J6 (at 0 -3.81 90) (layer F.SilkS) hide
      (effects (font (size 1.5 1.5) (thickness 0.15)))
    )
    (fp_text value ADDR (at 3.556 0 180) (layer F.SilkS)
      (effects (font (size 1 1) (thickness 0.2)))
    )
    (fp_text user 1 (at -2.921 -1.27 90) (layer F.SilkS)
      (effects (font (size 0.5 0.5) (thickness 0.05)))
    )
    (fp_line (start -2.54 -2.54) (end 2.54 -2.54) (layer F.SilkS) (width 0.15))
    (fp_line (start 2.54 -2.54) (end 2.54 2.54) (layer F.SilkS) (width 0.15))
    (fp_line (start 2.54 2.54) (end -2.54 2.54) (layer F.SilkS) (width 0.15))
    (fp_line (start -2.54 2.54) (end -2.54 -2.54) (layer F.SilkS) (width 0.15))
    (pad 1 thru_hole rect (at -1.27 -1.27 90) (size 1.524 1.524) (drill 0.889) (layers *.Cu *.Mask F.SilkS)
      (net 16 "Net-(J6-Pad1)"))
    (pad 2 thru_hole rect (at 1.27 -1.27 90) (size 1.524 1.524) (drill 0.889) (layers *.Cu *.Mask F.SilkS)
      (net 4 +5V))
    (pad 3 thru_hole rect (at -1.27 1.27 90) (size 1.524 1.524) (drill 0.889) (layers *.Cu *.Mask F.SilkS)
      (net 17 "Net-(J6-Pad3)"))
    (pad 4 thru_hole rect (at 1.27 1.27 90) (size 1.524 1.524) (drill 0.889) (layers *.Cu *.Mask F.SilkS)
      (net 4 +5V))
    (model Pin_Headers/Pin_Header_Straight_2x02.wrl
      (at (xyz 0 0 0))
      (scale (xyz 1 1 1))
      (rotate (xyz 0 0 90))
    )
  )

  (module Mlab_L:BLM21PG_3Amp (layer B.Cu) (tedit 5C9908E3) (tstamp 5C9B36D4)
    (at 19.558 4.318 270)
    (path /5C8A8653)
    (fp_text reference L1 (at 0 -1.778 270) (layer B.SilkS)
      (effects (font (size 1 1) (thickness 0.15)) (justify mirror))
    )
    (fp_text value BLM21PG300SN1D (at 0.5 -1.8 270) (layer B.Fab)
      (effects (font (size 1 1) (thickness 0.15)) (justify mirror))
    )
    (fp_line (start -1.9 0.8) (end 1.9 0.8) (layer B.SilkS) (width 0.15))
    (fp_line (start 1.9 0.8) (end 1.9 -0.8) (layer B.SilkS) (width 0.15))
    (fp_line (start 1.9 -0.8) (end -1.9 -0.8) (layer B.SilkS) (width 0.15))
    (fp_line (start -1.9 -0.8) (end -1.9 0.8) (layer B.SilkS) (width 0.15))
    (pad 1 smd rect (at -1.1 0 270) (size 1.25 1.25) (layers B.Cu B.Paste B.Mask)
      (net 10 VCC))
    (pad 2 smd rect (at 1.1 0 270) (size 1.25 1.25) (layers B.Cu B.Paste B.Mask)
      (net 4 +5V))
  )

  (module Mlab_Mechanical:MountingHole_3mm placed (layer F.Cu) (tedit 5A99DD0D) (tstamp 5C9B36DA)
    (at 60.96 0)
    (descr "Mounting hole, Befestigungsbohrung, 3mm, No Annular, Kein Restring,")
    (tags "Mounting hole, Befestigungsbohrung, 3mm, No Annular, Kein Restring,")
    (path /5C92F92F)
    (fp_text reference MH1 (at 0 -4.191) (layer F.SilkS) hide
      (effects (font (size 1.524 1.524) (thickness 0.3048)))
    )
    (fp_text value MountingHole_Pad (at 0 4.191) (layer F.SilkS) hide
      (effects (font (size 1.524 1.524) (thickness 0.3048)))
    )
    (fp_circle (center 0 0) (end 2.99974 0) (layer Cmts.User) (width 0.381))
    (pad 1 thru_hole circle (at 0 0) (size 6 6) (drill 3) (layers *.Cu *.Adhes *.Mask)
      (clearance 1) (zone_connect 2))
    (model ${MLAB}/src/3d/mechanical/m3_komplet.step
      (at (xyz 0 0 0))
      (scale (xyz 1 1 1))
      (rotate (xyz 0 0 0))
    )
  )

  (module Mlab_Mechanical:MountingHole_3mm placed (layer F.Cu) (tedit 5A99DD0D) (tstamp 5C9B36E0)
    (at 0 20.32)
    (descr "Mounting hole, Befestigungsbohrung, 3mm, No Annular, Kein Restring,")
    (tags "Mounting hole, Befestigungsbohrung, 3mm, No Annular, Kein Restring,")
    (path /5C92FC0C)
    (fp_text reference MH2 (at -6.604 -0.254) (layer F.SilkS) hide
      (effects (font (size 1.524 1.524) (thickness 0.3048)))
    )
    (fp_text value MountingHole_Pad (at 0 4.191) (layer F.SilkS) hide
      (effects (font (size 1.524 1.524) (thickness 0.3048)))
    )
    (fp_circle (center 0 0) (end 2.99974 0) (layer Cmts.User) (width 0.381))
    (pad 1 thru_hole circle (at 0 0) (size 6 6) (drill 3) (layers *.Cu *.Adhes *.Mask)
      (clearance 1) (zone_connect 2))
    (model ${MLAB}/src/3d/mechanical/m3_komplet.step
      (at (xyz 0 0 0))
      (scale (xyz 1 1 1))
      (rotate (xyz 0 0 0))
    )
  )

  (module Mlab_Mechanical:MountingHole_3mm placed (layer F.Cu) (tedit 5A99DD0D) (tstamp 5C9B36E6)
    (at 60.96 20.32)
    (descr "Mounting hole, Befestigungsbohrung, 3mm, No Annular, Kein Restring,")
    (tags "Mounting hole, Befestigungsbohrung, 3mm, No Annular, Kein Restring,")
    (path /5C9330F1)
    (fp_text reference MH3 (at 0 -4.191) (layer F.SilkS) hide
      (effects (font (size 1.524 1.524) (thickness 0.3048)))
    )
    (fp_text value MountingHole_Pad (at 0 4.191) (layer F.SilkS) hide
      (effects (font (size 1.524 1.524) (thickness 0.3048)))
    )
    (fp_circle (center 0 0) (end 2.99974 0) (layer Cmts.User) (width 0.381))
    (pad 1 thru_hole circle (at 0 0) (size 6 6) (drill 3) (layers *.Cu *.Adhes *.Mask)
      (clearance 1) (zone_connect 2))
    (model ${MLAB}/src/3d/mechanical/m3_komplet.step
      (at (xyz 0 0 0))
      (scale (xyz 1 1 1))
      (rotate (xyz 0 0 0))
    )
  )

  (module Mlab_Mechanical:MountingHole_3mm placed (layer F.Cu) (tedit 5A99DD0D) (tstamp 5C9B36EC)
    (at 0 0)
    (descr "Mounting hole, Befestigungsbohrung, 3mm, No Annular, Kein Restring,")
    (tags "Mounting hole, Befestigungsbohrung, 3mm, No Annular, Kein Restring,")
    (path /5C9365F0)
    (fp_text reference MH4 (at 0 -4.191) (layer F.SilkS) hide
      (effects (font (size 1.524 1.524) (thickness 0.3048)))
    )
    (fp_text value MountingHole_Pad (at 0 4.191) (layer F.SilkS) hide
      (effects (font (size 1.524 1.524) (thickness 0.3048)))
    )
    (fp_circle (center 0 0) (end 2.99974 0) (layer Cmts.User) (width 0.381))
    (pad 1 thru_hole circle (at 0 0) (size 6 6) (drill 3) (layers *.Cu *.Adhes *.Mask)
      (clearance 1) (zone_connect 2))
    (model ${MLAB}/src/3d/mechanical/m3_komplet.step
      (at (xyz 0 0 0))
      (scale (xyz 1 1 1))
      (rotate (xyz 0 0 0))
    )
  )

  (module Mlab_IO:QSOP-16_3.9x4.9mm_P0.635mm (layer B.Cu) (tedit 5A02F25C) (tstamp 5C9B38B2)
    (at 8.89 5.588 180)
    (descr "16-Lead Plastic Shrink Small Outline Narrow Body (QR)-.150\" Body [QSOP] (see Microchip Packaging Specification 00000049BS.pdf)")
    (tags "SSOP 0.635")
    (path /5C8B9DAD)
    (attr smd)
    (fp_text reference U1 (at 0 3.81 180) (layer B.SilkS)
      (effects (font (size 1 1) (thickness 0.15)) (justify mirror))
    )
    (fp_text value ADuM3190 (at 0 -3.5 180) (layer B.Fab)
      (effects (font (size 1 1) (thickness 0.15)) (justify mirror))
    )
    (fp_line (start -0.95 2.45) (end 1.95 2.45) (layer B.Fab) (width 0.15))
    (fp_line (start 1.95 2.45) (end 1.95 -2.45) (layer B.Fab) (width 0.15))
    (fp_line (start 1.95 -2.45) (end -1.95 -2.45) (layer B.Fab) (width 0.15))
    (fp_line (start -1.95 -2.45) (end -1.95 1.45) (layer B.Fab) (width 0.15))
    (fp_line (start -1.95 1.45) (end -0.95 2.45) (layer B.Fab) (width 0.15))
    (fp_line (start -3.7 2.85) (end -3.7 -2.8) (layer B.CrtYd) (width 0.05))
    (fp_line (start 3.7 2.85) (end 3.7 -2.8) (layer B.CrtYd) (width 0.05))
    (fp_line (start -3.7 2.85) (end 3.7 2.85) (layer B.CrtYd) (width 0.05))
    (fp_line (start -3.7 -2.8) (end 3.7 -2.8) (layer B.CrtYd) (width 0.05))
    (fp_line (start -1.8543 -2.675) (end 1.8543 -2.675) (layer B.SilkS) (width 0.15))
    (fp_line (start -3.525 2.725) (end 1.8586 2.725) (layer B.SilkS) (width 0.15))
    (fp_text user %R (at 0 0.905001 180) (layer B.Fab)
      (effects (font (size 0.7 0.7) (thickness 0.15)) (justify mirror))
    )
    (pad 1 smd rect (at -2.6543 2.2225 180) (size 1.6 0.41) (layers B.Cu B.Paste B.Mask)
      (net 4 +5V))
    (pad 2 smd rect (at -2.6543 1.5875 180) (size 1.6 0.41) (layers B.Cu B.Paste B.Mask)
      (net 3 GNDD))
    (pad 3 smd rect (at -2.6543 0.9525 180) (size 1.6 0.41) (layers B.Cu B.Paste B.Mask)
      (net 5 "Net-(C6-Pad2)"))
    (pad 4 smd rect (at -2.6543 0.3175 180) (size 1.6 0.41) (layers B.Cu B.Paste B.Mask)
      (net 24 /ch2-))
    (pad 5 smd rect (at -2.6543 -0.3175 180) (size 1.6 0.41) (layers B.Cu B.Paste B.Mask))
    (pad 6 smd rect (at -2.6543 -0.9525 180) (size 1.6 0.41) (layers B.Cu B.Paste B.Mask))
    (pad 7 smd rect (at -2.6543 -1.5875 180) (size 1.6 0.41) (layers B.Cu B.Paste B.Mask)
      (net 23 /EAout))
    (pad 8 smd rect (at -2.6543 -2.2225 180) (size 1.6 0.41) (layers B.Cu B.Paste B.Mask)
      (net 3 GNDD))
    (pad 9 smd rect (at 2.6543 -2.2225 180) (size 1.6 0.41) (layers B.Cu B.Paste B.Mask)
      (net 1 GNDPWR))
    (pad 10 smd rect (at 2.6543 -1.5875 180) (size 1.6 0.41) (layers B.Cu B.Paste B.Mask)
      (net 25 /COMP))
    (pad 11 smd rect (at 2.6543 -0.9525 180) (size 1.6 0.41) (layers B.Cu B.Paste B.Mask)
      (net 25 /COMP))
    (pad 12 smd rect (at 2.6543 -0.3175 180) (size 1.6 0.41) (layers B.Cu B.Paste B.Mask)
      (net 19 "Net-(R3-Pad2)"))
    (pad 13 smd rect (at 2.6543 0.3175 180) (size 1.6 0.41) (layers B.Cu B.Paste B.Mask)
      (net 21 /REFout2))
    (pad 14 smd rect (at 2.6543 0.9525 180) (size 1.6 0.41) (layers B.Cu B.Paste B.Mask)
      (net 2 "Net-(C3-Pad1)"))
    (pad 15 smd rect (at 2.6543 1.5875 180) (size 1.6 0.41) (layers B.Cu B.Paste B.Mask)
      (net 1 GNDPWR))
    (pad 16 smd rect (at 2.6543 2.2225 180) (size 1.6 0.41) (layers B.Cu B.Paste B.Mask)
      (net 8 "Net-(D1-Pad1)"))
    (model ${KISYS3DMOD}/Package_SO.3dshapes/QSOP-16_3.9x4.9mm_P0.635mm.wrl
      (at (xyz 0 0 0))
      (scale (xyz 1 1 1))
      (rotate (xyz 0 0 0))
    )
  )

  (module Mlab_IO:MSOP-10_3x3mm_P0.5mm (layer B.Cu) (tedit 5A02F25C) (tstamp 5C9B38D1)
    (at 26.924 10.668)
    (descr "10-Lead Plastic Micro Small Outline Package (MS) [MSOP] (see Microchip Packaging Specification 00000049BS.pdf)")
    (tags "SSOP 0.5")
    (path /5C6C7D4A)
    (attr smd)
    (fp_text reference U2 (at 0 2.794) (layer B.SilkS)
      (effects (font (size 1 1) (thickness 0.15)) (justify mirror))
    )
    (fp_text value MCP3423 (at 0 -2.6) (layer B.Fab)
      (effects (font (size 1 1) (thickness 0.15)) (justify mirror))
    )
    (fp_line (start -0.5 1.5) (end 1.5 1.5) (layer B.Fab) (width 0.15))
    (fp_line (start 1.5 1.5) (end 1.5 -1.5) (layer B.Fab) (width 0.15))
    (fp_line (start 1.5 -1.5) (end -1.5 -1.5) (layer B.Fab) (width 0.15))
    (fp_line (start -1.5 -1.5) (end -1.5 0.5) (layer B.Fab) (width 0.15))
    (fp_line (start -1.5 0.5) (end -0.5 1.5) (layer B.Fab) (width 0.15))
    (fp_line (start -3.15 1.85) (end -3.15 -1.85) (layer B.CrtYd) (width 0.05))
    (fp_line (start 3.15 1.85) (end 3.15 -1.85) (layer B.CrtYd) (width 0.05))
    (fp_line (start -3.15 1.85) (end 3.15 1.85) (layer B.CrtYd) (width 0.05))
    (fp_line (start -3.15 -1.85) (end 3.15 -1.85) (layer B.CrtYd) (width 0.05))
    (fp_line (start -1.675 1.675) (end -1.675 1.45) (layer B.SilkS) (width 0.15))
    (fp_line (start 1.675 1.675) (end 1.675 1.375) (layer B.SilkS) (width 0.15))
    (fp_line (start 1.675 -1.675) (end 1.675 -1.375) (layer B.SilkS) (width 0.15))
    (fp_line (start -1.675 -1.675) (end -1.675 -1.375) (layer B.SilkS) (width 0.15))
    (fp_line (start -1.675 1.675) (end 1.675 1.675) (layer B.SilkS) (width 0.15))
    (fp_line (start -1.675 -1.675) (end 1.675 -1.675) (layer B.SilkS) (width 0.15))
    (fp_line (start -1.675 1.45) (end -2.9 1.45) (layer B.SilkS) (width 0.15))
    (fp_text user %R (at 0 -0.894999) (layer B.Fab)
      (effects (font (size 0.6 0.6) (thickness 0.15)) (justify mirror))
    )
    (pad 1 smd rect (at -2.2 1) (size 1.4 0.3) (layers B.Cu B.Paste B.Mask)
      (net 6 "Net-(C7-Pad1)"))
    (pad 2 smd rect (at -2.2 0.5) (size 1.4 0.3) (layers B.Cu B.Paste B.Mask)
      (net 3 GNDD))
    (pad 3 smd rect (at -2.2 0) (size 1.4 0.3) (layers B.Cu B.Paste B.Mask)
      (net 3 GNDD))
    (pad 4 smd rect (at -2.2 -0.5) (size 1.4 0.3) (layers B.Cu B.Paste B.Mask)
      (net 7 "Net-(C8-Pad1)"))
    (pad 5 smd rect (at -2.2 -1) (size 1.4 0.3) (layers B.Cu B.Paste B.Mask)
      (net 24 /ch2-))
    (pad 6 smd rect (at 2.2 -1) (size 1.4 0.3) (layers B.Cu B.Paste B.Mask)
      (net 4 +5V))
    (pad 7 smd rect (at 2.2 -0.5) (size 1.4 0.3) (layers B.Cu B.Paste B.Mask)
      (net 14 /SDA))
    (pad 8 smd rect (at 2.2 0) (size 1.4 0.3) (layers B.Cu B.Paste B.Mask)
      (net 15 /SCL))
    (pad 9 smd rect (at 2.2 0.5) (size 1.4 0.3) (layers B.Cu B.Paste B.Mask)
      (net 16 "Net-(J6-Pad1)"))
    (pad 10 smd rect (at 2.2 1) (size 1.4 0.3) (layers B.Cu B.Paste B.Mask)
      (net 17 "Net-(J6-Pad3)"))
    (model ${KISYS3DMOD}/Package_SO.3dshapes/MSOP-10_3x3mm_P0.5mm.wrl
      (at (xyz 0 0 0))
      (scale (xyz 1 1 1))
      (rotate (xyz 0 0 0))
    )
  )

  (module Capacitor_SMD:C_0603_1608Metric (layer B.Cu) (tedit 5B301BBE) (tstamp 5C9BDA61)
    (at 3.81 5.08 90)
    (descr "Capacitor SMD 0603 (1608 Metric), square (rectangular) end terminal, IPC_7351 nominal, (Body size source: http://www.tortai-tech.com/upload/download/2011102023233369053.pdf), generated with kicad-footprint-generator")
    (tags capacitor)
    (path /5C8E124A)
    (attr smd)
    (fp_text reference C3 (at -2.54 0 90) (layer B.SilkS)
      (effects (font (size 1 1) (thickness 0.15)) (justify mirror))
    )
    (fp_text value 1u (at 0 -1.43 90) (layer B.Fab)
      (effects (font (size 1 1) (thickness 0.15)) (justify mirror))
    )
    (fp_line (start -0.8 -0.4) (end -0.8 0.4) (layer B.Fab) (width 0.1))
    (fp_line (start -0.8 0.4) (end 0.8 0.4) (layer B.Fab) (width 0.1))
    (fp_line (start 0.8 0.4) (end 0.8 -0.4) (layer B.Fab) (width 0.1))
    (fp_line (start 0.8 -0.4) (end -0.8 -0.4) (layer B.Fab) (width 0.1))
    (fp_line (start -0.162779 0.51) (end 0.162779 0.51) (layer B.SilkS) (width 0.12))
    (fp_line (start -0.162779 -0.51) (end 0.162779 -0.51) (layer B.SilkS) (width 0.12))
    (fp_line (start -1.48 -0.73) (end -1.48 0.73) (layer B.CrtYd) (width 0.05))
    (fp_line (start -1.48 0.73) (end 1.48 0.73) (layer B.CrtYd) (width 0.05))
    (fp_line (start 1.48 0.73) (end 1.48 -0.73) (layer B.CrtYd) (width 0.05))
    (fp_line (start 1.48 -0.73) (end -1.48 -0.73) (layer B.CrtYd) (width 0.05))
    (fp_text user %R (at 0 0 90) (layer B.Fab)
      (effects (font (size 0.4 0.4) (thickness 0.06)) (justify mirror))
    )
    (pad 1 smd roundrect (at -0.7875 0 90) (size 0.875 0.95) (layers B.Cu B.Paste B.Mask) (roundrect_rratio 0.25)
      (net 2 "Net-(C3-Pad1)"))
    (pad 2 smd roundrect (at 0.7875 0 90) (size 0.875 0.95) (layers B.Cu B.Paste B.Mask) (roundrect_rratio 0.25)
      (net 1 GNDPWR))
    (model ${KISYS3DMOD}/Capacitor_SMD.3dshapes/C_0603_1608Metric.wrl
      (at (xyz 0 0 0))
      (scale (xyz 1 1 1))
      (rotate (xyz 0 0 0))
    )
  )

  (module Capacitor_SMD:C_0603_1608Metric (layer B.Cu) (tedit 5B301BBE) (tstamp 5C9BDA71)
    (at 13.97 3.81 270)
    (descr "Capacitor SMD 0603 (1608 Metric), square (rectangular) end terminal, IPC_7351 nominal, (Body size source: http://www.tortai-tech.com/upload/download/2011102023233369053.pdf), generated with kicad-footprint-generator")
    (tags capacitor)
    (path /5C8A0466)
    (attr smd)
    (fp_text reference C4 (at 0 -3.048 270) (layer B.SilkS)
      (effects (font (size 1 1) (thickness 0.15)) (justify mirror))
    )
    (fp_text value 100n (at 0 -1.43 270) (layer B.Fab)
      (effects (font (size 1 1) (thickness 0.15)) (justify mirror))
    )
    (fp_text user %R (at 0 0 270) (layer B.Fab)
      (effects (font (size 0.4 0.4) (thickness 0.06)) (justify mirror))
    )
    (fp_line (start 1.48 -0.73) (end -1.48 -0.73) (layer B.CrtYd) (width 0.05))
    (fp_line (start 1.48 0.73) (end 1.48 -0.73) (layer B.CrtYd) (width 0.05))
    (fp_line (start -1.48 0.73) (end 1.48 0.73) (layer B.CrtYd) (width 0.05))
    (fp_line (start -1.48 -0.73) (end -1.48 0.73) (layer B.CrtYd) (width 0.05))
    (fp_line (start -0.162779 -0.51) (end 0.162779 -0.51) (layer B.SilkS) (width 0.12))
    (fp_line (start -0.162779 0.51) (end 0.162779 0.51) (layer B.SilkS) (width 0.12))
    (fp_line (start 0.8 -0.4) (end -0.8 -0.4) (layer B.Fab) (width 0.1))
    (fp_line (start 0.8 0.4) (end 0.8 -0.4) (layer B.Fab) (width 0.1))
    (fp_line (start -0.8 0.4) (end 0.8 0.4) (layer B.Fab) (width 0.1))
    (fp_line (start -0.8 -0.4) (end -0.8 0.4) (layer B.Fab) (width 0.1))
    (pad 2 smd roundrect (at 0.7875 0 270) (size 0.875 0.95) (layers B.Cu B.Paste B.Mask) (roundrect_rratio 0.25)
      (net 3 GNDD))
    (pad 1 smd roundrect (at -0.7875 0 270) (size 0.875 0.95) (layers B.Cu B.Paste B.Mask) (roundrect_rratio 0.25)
      (net 4 +5V))
    (model ${KISYS3DMOD}/Capacitor_SMD.3dshapes/C_0603_1608Metric.wrl
      (at (xyz 0 0 0))
      (scale (xyz 1 1 1))
      (rotate (xyz 0 0 0))
    )
  )

  (module Capacitor_SMD:C_0603_1608Metric (layer B.Cu) (tedit 5B301BBE) (tstamp 5C9BDA81)
    (at 15.494 3.81 270)
    (descr "Capacitor SMD 0603 (1608 Metric), square (rectangular) end terminal, IPC_7351 nominal, (Body size source: http://www.tortai-tech.com/upload/download/2011102023233369053.pdf), generated with kicad-footprint-generator")
    (tags capacitor)
    (path /5C8A04A8)
    (attr smd)
    (fp_text reference C5 (at 0 -2.794 270) (layer B.SilkS)
      (effects (font (size 1 1) (thickness 0.15)) (justify mirror))
    )
    (fp_text value 1u (at 0 -1.43 270) (layer B.Fab)
      (effects (font (size 1 1) (thickness 0.15)) (justify mirror))
    )
    (fp_line (start -0.8 -0.4) (end -0.8 0.4) (layer B.Fab) (width 0.1))
    (fp_line (start -0.8 0.4) (end 0.8 0.4) (layer B.Fab) (width 0.1))
    (fp_line (start 0.8 0.4) (end 0.8 -0.4) (layer B.Fab) (width 0.1))
    (fp_line (start 0.8 -0.4) (end -0.8 -0.4) (layer B.Fab) (width 0.1))
    (fp_line (start -0.162779 0.51) (end 0.162779 0.51) (layer B.SilkS) (width 0.12))
    (fp_line (start -0.162779 -0.51) (end 0.162779 -0.51) (layer B.SilkS) (width 0.12))
    (fp_line (start -1.48 -0.73) (end -1.48 0.73) (layer B.CrtYd) (width 0.05))
    (fp_line (start -1.48 0.73) (end 1.48 0.73) (layer B.CrtYd) (width 0.05))
    (fp_line (start 1.48 0.73) (end 1.48 -0.73) (layer B.CrtYd) (width 0.05))
    (fp_line (start 1.48 -0.73) (end -1.48 -0.73) (layer B.CrtYd) (width 0.05))
    (fp_text user %R (at 0 0 270) (layer B.Fab)
      (effects (font (size 0.4 0.4) (thickness 0.06)) (justify mirror))
    )
    (pad 1 smd roundrect (at -0.7875 0 270) (size 0.875 0.95) (layers B.Cu B.Paste B.Mask) (roundrect_rratio 0.25)
      (net 4 +5V))
    (pad 2 smd roundrect (at 0.7875 0 270) (size 0.875 0.95) (layers B.Cu B.Paste B.Mask) (roundrect_rratio 0.25)
      (net 3 GNDD))
    (model ${KISYS3DMOD}/Capacitor_SMD.3dshapes/C_0603_1608Metric.wrl
      (at (xyz 0 0 0))
      (scale (xyz 1 1 1))
      (rotate (xyz 0 0 0))
    )
  )

  (module Capacitor_SMD:C_0603_1608Metric (layer B.Cu) (tedit 5B301BBE) (tstamp 5C9BDA91)
    (at 14.732 6.096 180)
    (descr "Capacitor SMD 0603 (1608 Metric), square (rectangular) end terminal, IPC_7351 nominal, (Body size source: http://www.tortai-tech.com/upload/download/2011102023233369053.pdf), generated with kicad-footprint-generator")
    (tags capacitor)
    (path /5C8CF1BA)
    (attr smd)
    (fp_text reference C6 (at -2.54 0) (layer B.SilkS)
      (effects (font (size 1 1) (thickness 0.15)) (justify mirror))
    )
    (fp_text value 1u (at 0 -1.43 180) (layer B.Fab)
      (effects (font (size 1 1) (thickness 0.15)) (justify mirror))
    )
    (fp_text user %R (at 0 0 180) (layer B.Fab)
      (effects (font (size 0.4 0.4) (thickness 0.06)) (justify mirror))
    )
    (fp_line (start 1.48 -0.73) (end -1.48 -0.73) (layer B.CrtYd) (width 0.05))
    (fp_line (start 1.48 0.73) (end 1.48 -0.73) (layer B.CrtYd) (width 0.05))
    (fp_line (start -1.48 0.73) (end 1.48 0.73) (layer B.CrtYd) (width 0.05))
    (fp_line (start -1.48 -0.73) (end -1.48 0.73) (layer B.CrtYd) (width 0.05))
    (fp_line (start -0.162779 -0.51) (end 0.162779 -0.51) (layer B.SilkS) (width 0.12))
    (fp_line (start -0.162779 0.51) (end 0.162779 0.51) (layer B.SilkS) (width 0.12))
    (fp_line (start 0.8 -0.4) (end -0.8 -0.4) (layer B.Fab) (width 0.1))
    (fp_line (start 0.8 0.4) (end 0.8 -0.4) (layer B.Fab) (width 0.1))
    (fp_line (start -0.8 0.4) (end 0.8 0.4) (layer B.Fab) (width 0.1))
    (fp_line (start -0.8 -0.4) (end -0.8 0.4) (layer B.Fab) (width 0.1))
    (pad 2 smd roundrect (at 0.7875 0 180) (size 0.875 0.95) (layers B.Cu B.Paste B.Mask) (roundrect_rratio 0.25)
      (net 5 "Net-(C6-Pad2)"))
    (pad 1 smd roundrect (at -0.7875 0 180) (size 0.875 0.95) (layers B.Cu B.Paste B.Mask) (roundrect_rratio 0.25)
      (net 3 GNDD))
    (model ${KISYS3DMOD}/Capacitor_SMD.3dshapes/C_0603_1608Metric.wrl
      (at (xyz 0 0 0))
      (scale (xyz 1 1 1))
      (rotate (xyz 0 0 0))
    )
  )

  (module Capacitor_SMD:C_0603_1608Metric (layer B.Cu) (tedit 5B301BBE) (tstamp 5C9BDAA1)
    (at 22.098 14.732 180)
    (descr "Capacitor SMD 0603 (1608 Metric), square (rectangular) end terminal, IPC_7351 nominal, (Body size source: http://www.tortai-tech.com/upload/download/2011102023233369053.pdf), generated with kicad-footprint-generator")
    (tags capacitor)
    (path /5C922334)
    (attr smd)
    (fp_text reference C7 (at 2.54 0 180) (layer B.SilkS)
      (effects (font (size 1 1) (thickness 0.15)) (justify mirror))
    )
    (fp_text value 10n (at 0 -1.43 180) (layer B.Fab)
      (effects (font (size 1 1) (thickness 0.15)) (justify mirror))
    )
    (fp_text user %R (at 0 0 180) (layer B.Fab)
      (effects (font (size 0.4 0.4) (thickness 0.06)) (justify mirror))
    )
    (fp_line (start 1.48 -0.73) (end -1.48 -0.73) (layer B.CrtYd) (width 0.05))
    (fp_line (start 1.48 0.73) (end 1.48 -0.73) (layer B.CrtYd) (width 0.05))
    (fp_line (start -1.48 0.73) (end 1.48 0.73) (layer B.CrtYd) (width 0.05))
    (fp_line (start -1.48 -0.73) (end -1.48 0.73) (layer B.CrtYd) (width 0.05))
    (fp_line (start -0.162779 -0.51) (end 0.162779 -0.51) (layer B.SilkS) (width 0.12))
    (fp_line (start -0.162779 0.51) (end 0.162779 0.51) (layer B.SilkS) (width 0.12))
    (fp_line (start 0.8 -0.4) (end -0.8 -0.4) (layer B.Fab) (width 0.1))
    (fp_line (start 0.8 0.4) (end 0.8 -0.4) (layer B.Fab) (width 0.1))
    (fp_line (start -0.8 0.4) (end 0.8 0.4) (layer B.Fab) (width 0.1))
    (fp_line (start -0.8 -0.4) (end -0.8 0.4) (layer B.Fab) (width 0.1))
    (pad 2 smd roundrect (at 0.7875 0 180) (size 0.875 0.95) (layers B.Cu B.Paste B.Mask) (roundrect_rratio 0.25)
      (net 3 GNDD))
    (pad 1 smd roundrect (at -0.7875 0 180) (size 0.875 0.95) (layers B.Cu B.Paste B.Mask) (roundrect_rratio 0.25)
      (net 6 "Net-(C7-Pad1)"))
    (model ${KISYS3DMOD}/Capacitor_SMD.3dshapes/C_0603_1608Metric.wrl
      (at (xyz 0 0 0))
      (scale (xyz 1 1 1))
      (rotate (xyz 0 0 0))
    )
  )

  (module Capacitor_SMD:C_0603_1608Metric (layer B.Cu) (tedit 5B301BBE) (tstamp 5C9BDAB1)
    (at 20.828 9.906 270)
    (descr "Capacitor SMD 0603 (1608 Metric), square (rectangular) end terminal, IPC_7351 nominal, (Body size source: http://www.tortai-tech.com/upload/download/2011102023233369053.pdf), generated with kicad-footprint-generator")
    (tags capacitor)
    (path /5C8E3393)
    (attr smd)
    (fp_text reference C8 (at -2.54 0 270) (layer B.SilkS)
      (effects (font (size 1 1) (thickness 0.15)) (justify mirror))
    )
    (fp_text value 10n (at 0 -1.43 270) (layer B.Fab)
      (effects (font (size 1 1) (thickness 0.15)) (justify mirror))
    )
    (fp_line (start -0.8 -0.4) (end -0.8 0.4) (layer B.Fab) (width 0.1))
    (fp_line (start -0.8 0.4) (end 0.8 0.4) (layer B.Fab) (width 0.1))
    (fp_line (start 0.8 0.4) (end 0.8 -0.4) (layer B.Fab) (width 0.1))
    (fp_line (start 0.8 -0.4) (end -0.8 -0.4) (layer B.Fab) (width 0.1))
    (fp_line (start -0.162779 0.51) (end 0.162779 0.51) (layer B.SilkS) (width 0.12))
    (fp_line (start -0.162779 -0.51) (end 0.162779 -0.51) (layer B.SilkS) (width 0.12))
    (fp_line (start -1.48 -0.73) (end -1.48 0.73) (layer B.CrtYd) (width 0.05))
    (fp_line (start -1.48 0.73) (end 1.48 0.73) (layer B.CrtYd) (width 0.05))
    (fp_line (start 1.48 0.73) (end 1.48 -0.73) (layer B.CrtYd) (width 0.05))
    (fp_line (start 1.48 -0.73) (end -1.48 -0.73) (layer B.CrtYd) (width 0.05))
    (fp_text user %R (at 0 0 270) (layer B.Fab)
      (effects (font (size 0.4 0.4) (thickness 0.06)) (justify mirror))
    )
    (pad 1 smd roundrect (at -0.7875 0 270) (size 0.875 0.95) (layers B.Cu B.Paste B.Mask) (roundrect_rratio 0.25)
      (net 7 "Net-(C8-Pad1)"))
    (pad 2 smd roundrect (at 0.7875 0 270) (size 0.875 0.95) (layers B.Cu B.Paste B.Mask) (roundrect_rratio 0.25)
      (net 3 GNDD))
    (model ${KISYS3DMOD}/Capacitor_SMD.3dshapes/C_0603_1608Metric.wrl
      (at (xyz 0 0 0))
      (scale (xyz 1 1 1))
      (rotate (xyz 0 0 0))
    )
  )

  (module Capacitor_SMD:C_0603_1608Metric (layer B.Cu) (tedit 5B301BBE) (tstamp 5C9BDAC1)
    (at 27.178 21.59 180)
    (descr "Capacitor SMD 0603 (1608 Metric), square (rectangular) end terminal, IPC_7351 nominal, (Body size source: http://www.tortai-tech.com/upload/download/2011102023233369053.pdf), generated with kicad-footprint-generator")
    (tags capacitor)
    (path /5C8C3E84)
    (attr smd)
    (fp_text reference C9 (at 0 1.524 180) (layer B.SilkS)
      (effects (font (size 1 1) (thickness 0.15)) (justify mirror))
    )
    (fp_text value 100n (at 0 -1.43 180) (layer B.Fab)
      (effects (font (size 1 1) (thickness 0.15)) (justify mirror))
    )
    (fp_text user %R (at 0 0 180) (layer B.Fab)
      (effects (font (size 0.4 0.4) (thickness 0.06)) (justify mirror))
    )
    (fp_line (start 1.48 -0.73) (end -1.48 -0.73) (layer B.CrtYd) (width 0.05))
    (fp_line (start 1.48 0.73) (end 1.48 -0.73) (layer B.CrtYd) (width 0.05))
    (fp_line (start -1.48 0.73) (end 1.48 0.73) (layer B.CrtYd) (width 0.05))
    (fp_line (start -1.48 -0.73) (end -1.48 0.73) (layer B.CrtYd) (width 0.05))
    (fp_line (start -0.162779 -0.51) (end 0.162779 -0.51) (layer B.SilkS) (width 0.12))
    (fp_line (start -0.162779 0.51) (end 0.162779 0.51) (layer B.SilkS) (width 0.12))
    (fp_line (start 0.8 -0.4) (end -0.8 -0.4) (layer B.Fab) (width 0.1))
    (fp_line (start 0.8 0.4) (end 0.8 -0.4) (layer B.Fab) (width 0.1))
    (fp_line (start -0.8 0.4) (end 0.8 0.4) (layer B.Fab) (width 0.1))
    (fp_line (start -0.8 -0.4) (end -0.8 0.4) (layer B.Fab) (width 0.1))
