(kicad_pcb (version 20190907) (host pcbnew "(5.99.0-311-g81ce588a0)")

  (general
    (thickness 1.6)
    (drawings 13)
    (tracks 982)
    (modules 58)
    (nets 31)
  )

  (page "A4")
  (title_block
    (title "NAME")
    (date "%d. %m. %Y")
    (rev "REV")
    (company "Mlab www.mlab.cz")
    (comment 1 "VERSION")
    (comment 2 "Short description\\nTwo lines are maximum")
    (comment 3 "nickname <email@example.com>")
  )

  (layers
    (0 "F.Cu" signal)
    (31 "B.Cu" signal)
    (34 "B.Paste" user)
    (35 "F.Paste" user)
    (36 "B.SilkS" user)
    (37 "F.SilkS" user)
    (38 "B.Mask" user)
    (39 "F.Mask" user)
    (44 "Edge.Cuts" user)
    (45 "Margin" user)
    (46 "B.CrtYd" user)
    (47 "F.CrtYd" user)
    (48 "B.Fab" user hide)
    (49 "F.Fab" user hide)
  )

  (setup
    (last_trace_width 0.25)
    (user_trace_width 0.5)
    (user_trace_width 1)
    (trace_clearance 0.25)
    (zone_clearance 0.3)
    (zone_45_only no)
    (trace_min 0.25)
    (via_size 0.6)
    (via_drill 0.3)
    (via_min_size 0.4)
    (via_min_drill 0.3)
    (uvia_size 0.4)
    (uvia_drill 0.2)
    (uvias_allowed no)
    (uvia_min_size 0.2)
    (uvia_min_drill 0.1)
    (max_error 0.005)
    (defaults
      (edge_clearance 0.01)
      (edge_cuts_line_width 0.15)
      (courtyard_line_width 0.05)
      (copper_line_width 0.2)
      (copper_text_dims (size 1.5 1.5) (thickness 0.3))
      (silk_line_width 0.15)
      (silk_text_dims (size 1 1) (thickness 0.15))
      (other_layers_line_width 0.1)
      (other_layers_text_dims (size 1 1) (thickness 0.15))
    )
    (pad_size 2.6 2.6)
    (pad_drill 0)
    (pad_to_mask_clearance 0.2)
    (aux_axis_origin 0 0)
    (visible_elements 7FFFFF7F)
    (pcbplotparams
      (layerselection 0x010e0_ffffffff)
      (usegerberextensions false)
      (usegerberattributes false)
      (usegerberadvancedattributes true)
      (creategerberjobfile false)
      (excludeedgelayer true)
      (linewidth 0.150000)
      (plotframeref false)
      (viasonmask false)
      (mode 1)
      (useauxorigin false)
      (hpglpennumber 1)
      (hpglpenspeed 20)
      (hpglpendiameter 15.000000)
      (psnegative false)
      (psa4output false)
      (plotreference true)
      (plotvalue true)
      (plotinvisibletext false)
      (padsonsilk false)
      (subtractmaskfromsilk false)
      (outputformat 1)
      (mirror false)
      (drillshape 0)
      (scaleselection 1)
      (outputdirectory "../cam_profi/")
    )
  )

  (net 0 "")
  (net 1 "Net-(C1-Pad1)")
  (net 2 "GND")
  (net 3 "+5V")
  (net 4 "Net-(C3-Pad1)")
  (net 5 "Net-(C4-Pad1)")
  (net 6 "+3V3")
  (net 7 "Net-(C7-Pad1)")
  (net 8 "Net-(C8-Pad1)")
  (net 9 "Net-(C10-Pad1)")
  (net 10 "Net-(C10-Pad2)")
  (net 11 "Net-(C11-Pad1)")
  (net 12 "Net-(C13-Pad1)")
  (net 13 "Net-(C15-Pad1)")
  (net 14 "Net-(C16-Pad1)")
  (net 15 "Net-(C17-Pad1)")
  (net 16 "Net-(C18-Pad1)")
  (net 17 "Net-(C22-Pad2)")
  (net 18 "Net-(C23-Pad2)")
  (net 19 "/SCK")
  (net 20 "/MISO")
  (net 21 "/MOSI")
  (net 22 "/#CS")
  (net 23 "/#RESET")
  (net 24 "/DIO1")
  (net 25 "/DIO2")
  (net 26 "/DIO3")
  (net 27 "/BUSY")
  (net 28 "Net-(L1-Pad2)")
  (net 29 "Net-(L3-Pad1)")
  (net 30 "Net-(U2-Pad4)")

  (net_class "Default" "This is the default net class."
    (clearance 0.25)
    (trace_width 0.25)
    (via_dia 0.6)
    (via_drill 0.3)
    (uvia_dia 0.4)
    (uvia_drill 0.2)
    (diff_pair_width 0.4)
    (diff_pair_gap 0.25)
    (add_net "+3V3")
    (add_net "+5V")
    (add_net "/#CS")
    (add_net "/#RESET")
    (add_net "/BUSY")
    (add_net "/DIO1")
    (add_net "/DIO2")
    (add_net "/DIO3")
    (add_net "/MISO")
    (add_net "/MOSI")
    (add_net "/SCK")
    (add_net "GND")
    (add_net "Net-(C1-Pad1)")
    (add_net "Net-(C10-Pad1)")
    (add_net "Net-(C10-Pad2)")
    (add_net "Net-(C11-Pad1)")
    (add_net "Net-(C13-Pad1)")
    (add_net "Net-(C15-Pad1)")
    (add_net "Net-(C16-Pad1)")
    (add_net "Net-(C17-Pad1)")
    (add_net "Net-(C18-Pad1)")
    (add_net "Net-(C22-Pad2)")
    (add_net "Net-(C23-Pad2)")
    (add_net "Net-(C3-Pad1)")
    (add_net "Net-(C4-Pad1)")
    (add_net "Net-(C7-Pad1)")
    (add_net "Net-(C8-Pad1)")
    (add_net "Net-(L1-Pad2)")
    (add_net "Net-(L3-Pad1)")
    (add_net "Net-(U2-Pad4)")
  )

  (net_class "MLAB_power" ""
    (clearance 0.4)
    (trace_width 0.7)
    (via_dia 0.8)
    (via_drill 0.6)
    (uvia_dia 0.4)
    (uvia_drill 0.2)
    (diff_pair_width 0.4)
    (diff_pair_gap 0.25)
  )

  (module "Capacitor_SMD:C_0603_1608Metric_Pad1.05x0.95mm_HandSolder" (layer "B.Cu") (tedit 5B301BBE) (tstamp 5DC06280)
    (at 163.6 107.8 180)
    (descr "Capacitor SMD 0603 (1608 Metric), square (rectangular) end terminal, IPC_7351 nominal with elongated pad for handsoldering. (Body size source: http://www.tortai-tech.com/upload/download/2011102023233369053.pdf), generated with kicad-footprint-generator")
    (tags "capacitor handsolder")
    (path "/5DA88209")
    (attr smd)
    (fp_text reference "C13" (at 0 -3) (layer "B.SilkS")
      (effects (font (size 1 1) (thickness 0.15)) (justify mirror))
    )
    (fp_text value "3p3" (at 0 -1.43) (layer "B.Fab")
      (effects (font (size 1 1) (thickness 0.15)) (justify mirror))
    )
    (fp_line (start -0.8 -0.4) (end -0.8 0.4) (layer "B.Fab") (width 0.1))
    (fp_line (start -0.8 0.4) (end 0.8 0.4) (layer "B.Fab") (width 0.1))
    (fp_line (start 0.8 0.4) (end 0.8 -0.4) (layer "B.Fab") (width 0.1))
    (fp_line (start 0.8 -0.4) (end -0.8 -0.4) (layer "B.Fab") (width 0.1))
    (fp_line (start -0.171267 0.51) (end 0.171267 0.51) (layer "B.SilkS") (width 0.12))
    (fp_line (start -0.171267 -0.51) (end 0.171267 -0.51) (layer "B.SilkS") (width 0.12))
    (fp_line (start -1.65 -0.73) (end -1.65 0.73) (layer "B.CrtYd") (width 0.05))
    (fp_line (start -1.65 0.73) (end 1.65 0.73) (layer "B.CrtYd") (width 0.05))
    (fp_line (start 1.65 0.73) (end 1.65 -0.73) (layer "B.CrtYd") (width 0.05))
    (fp_line (start 1.65 -0.73) (end -1.65 -0.73) (layer "B.CrtYd") (width 0.05))
    (fp_text user "%R" (at 0 0) (layer "B.Fab")
      (effects (font (size 0.4 0.4) (thickness 0.06)) (justify mirror))
    )
    (pad "2" smd roundrect (at 0.875 0 180) (size 1.05 0.95) (layers "B.Cu" "B.Paste" "B.Mask") (roundrect_rratio 0.25)
      (net 11 "Net-(C11-Pad1)"))
    (pad "1" smd roundrect (at -0.875 0 180) (size 1.05 0.95) (layers "B.Cu" "B.Paste" "B.Mask") (roundrect_rratio 0.25)
      (net 12 "Net-(C13-Pad1)"))
    (model "${KISYS3DMOD}/Capacitor_SMD.3dshapes/C_0603_1608Metric.wrl"
      (at (xyz 0 0 0))
      (scale (xyz 1 1 1))
      (rotate (xyz 0 0 0))
    )
  )

  (module "Mlab_R:SMD-0805" (layer "B.Cu") (tedit 5C6D150A) (tstamp 5DC12C04)
    (at 136.6 99.7 90)
    (path "/5DA75EB2")
    (attr smd)
    (fp_text reference "C25" (at 0 0.3175 270) (layer "B.Fab")
      (effects (font (size 0.50038 0.50038) (thickness 0.10922)) (justify mirror))
    )
    (fp_text value "10uF" (at 0.127 -0.381 270) (layer "B.Fab")
      (effects (font (size 0.50038 0.50038) (thickness 0.10922)) (justify mirror))
    )
    (fp_line (start 1.524 -0.762) (end 0.508 -0.762) (layer "B.Fab") (width 0.15))
    (fp_line (start 1.524 0.762) (end 1.524 -0.762) (layer "B.Fab") (width 0.15))
    (fp_line (start 0.508 0.762) (end 1.524 0.762) (layer "B.Fab") (width 0.15))
    (fp_line (start -1.524 0.762) (end -0.508 0.762) (layer "B.SilkS") (width 0.15))
    (fp_line (start -1.524 -0.762) (end -1.524 0.762) (layer "B.SilkS") (width 0.15))
    (fp_line (start -0.508 -0.762) (end -1.524 -0.762) (layer "B.Fab") (width 0.15))
    (fp_circle (center -1.651 -0.762) (end -1.651 -0.635) (layer "B.SilkS") (width 0.15))
    (fp_line (start -1.524 0.762) (end -0.508 0.762) (layer "B.Fab") (width 0.15))
    (fp_line (start -1.524 -0.762) (end -1.524 0.762) (layer "B.Fab") (width 0.15))
    (fp_line (start -0.508 -0.762) (end -1.524 -0.762) (layer "B.SilkS") (width 0.15))
    (fp_line (start 0.508 0.762) (end 1.524 0.762) (layer "B.SilkS") (width 0.15))
    (fp_line (start 1.524 0.762) (end 1.524 -0.762) (layer "B.SilkS") (width 0.15))
    (fp_line (start 1.524 -0.762) (end 0.508 -0.762) (layer "B.SilkS") (width 0.15))
    (pad "1" smd rect (at -0.9525 0 90) (size 0.889 1.397) (layers "B.Cu" "B.Paste" "B.Mask")
      (net 3 "+5V"))
    (pad "2" smd rect (at 0.9525 0 90) (size 0.889 1.397) (layers "B.Cu" "B.Paste" "B.Mask")
      (net 2 "GND"))
    (model "${KISYS3DMOD}/Resistor_SMD.3dshapes/R_0805_2012Metric.wrl"
      (at (xyz 0 0 0))
      (scale (xyz 1 1 1))
      (rotate (xyz 0 0 0))
    )
  )

  (module "Mlab_R:SMD-0805" (layer "B.Cu") (tedit 5C6D150A) (tstamp 5DC135E3)
    (at 137.6 102.8)
    (path "/5DA9BB24")
    (attr smd)
    (fp_text reference "C21" (at 0 0.3175 180) (layer "B.Fab")
      (effects (font (size 0.50038 0.50038) (thickness 0.10922)) (justify mirror))
    )
    (fp_text value "10uF" (at 0.127 -0.381 180) (layer "B.Fab")
      (effects (font (size 0.50038 0.50038) (thickness 0.10922)) (justify mirror))
    )
    (fp_line (start 1.524 -0.762) (end 0.508 -0.762) (layer "B.SilkS") (width 0.15))
    (fp_line (start 1.524 0.762) (end 1.524 -0.762) (layer "B.SilkS") (width 0.15))
    (fp_line (start 0.508 0.762) (end 1.524 0.762) (layer "B.SilkS") (width 0.15))
    (fp_line (start -0.508 -0.762) (end -1.524 -0.762) (layer "B.SilkS") (width 0.15))
    (fp_line (start -1.524 -0.762) (end -1.524 0.762) (layer "B.Fab") (width 0.15))
    (fp_line (start -1.524 0.762) (end -0.508 0.762) (layer "B.Fab") (width 0.15))
    (fp_circle (center -1.651 -0.762) (end -1.651 -0.635) (layer "B.SilkS") (width 0.15))
    (fp_line (start -0.508 -0.762) (end -1.524 -0.762) (layer "B.Fab") (width 0.15))
    (fp_line (start -1.524 -0.762) (end -1.524 0.762) (layer "B.SilkS") (width 0.15))
    (fp_line (start -1.524 0.762) (end -0.508 0.762) (layer "B.SilkS") (width 0.15))
    (fp_line (start 0.508 0.762) (end 1.524 0.762) (layer "B.Fab") (width 0.15))
    (fp_line (start 1.524 0.762) (end 1.524 -0.762) (layer "B.Fab") (width 0.15))
    (fp_line (start 1.524 -0.762) (end 0.508 -0.762) (layer "B.Fab") (width 0.15))
    (pad "2" smd rect (at 0.9525 0) (size 0.889 1.397) (layers "B.Cu" "B.Paste" "B.Mask")
      (net 2 "GND"))
    (pad "1" smd rect (at -0.9525 0) (size 0.889 1.397) (layers "B.Cu" "B.Paste" "B.Mask")
      (net 3 "+5V"))
    (model "${KISYS3DMOD}/Resistor_SMD.3dshapes/R_0805_2012Metric.wrl"
      (at (xyz 0 0 0))
      (scale (xyz 1 1 1))
      (rotate (xyz 0 0 0))
    )
  )

  (module "Mlab_R:SMD-0805" (layer "B.Cu") (tedit 5C6D150A) (tstamp 5DC135AD)
    (at 137.7 109)
    (path "/5DA80313")
    (attr smd)
    (fp_text reference "C24" (at 0 0.3175 180) (layer "B.Fab")
      (effects (font (size 0.50038 0.50038) (thickness 0.10922)) (justify mirror))
    )
    (fp_text value "10uF" (at 0.127 -0.381 180) (layer "B.Fab")
      (effects (font (size 0.50038 0.50038) (thickness 0.10922)) (justify mirror))
    )
    (fp_line (start 1.524 -0.762) (end 0.508 -0.762) (layer "B.SilkS") (width 0.15))
    (fp_line (start 1.524 0.762) (end 1.524 -0.762) (layer "B.SilkS") (width 0.15))
    (fp_line (start 0.508 0.762) (end 1.524 0.762) (layer "B.SilkS") (width 0.15))
    (fp_line (start -0.508 -0.762) (end -1.524 -0.762) (layer "B.SilkS") (width 0.15))
    (fp_line (start -1.524 -0.762) (end -1.524 0.762) (layer "B.Fab") (width 0.15))
    (fp_line (start -1.524 0.762) (end -0.508 0.762) (layer "B.Fab") (width 0.15))
    (fp_circle (center -1.651 -0.762) (end -1.651 -0.635) (layer "B.SilkS") (width 0.15))
    (fp_line (start -0.508 -0.762) (end -1.524 -0.762) (layer "B.Fab") (width 0.15))
    (fp_line (start -1.524 -0.762) (end -1.524 0.762) (layer "B.SilkS") (width 0.15))
    (fp_line (start -1.524 0.762) (end -0.508 0.762) (layer "B.SilkS") (width 0.15))
    (fp_line (start 0.508 0.762) (end 1.524 0.762) (layer "B.Fab") (width 0.15))
    (fp_line (start 1.524 0.762) (end 1.524 -0.762) (layer "B.Fab") (width 0.15))
    (fp_line (start 1.524 -0.762) (end 0.508 -0.762) (layer "B.Fab") (width 0.15))
    (pad "2" smd rect (at 0.9525 0) (size 0.889 1.397) (layers "B.Cu" "B.Paste" "B.Mask")
      (net 2 "GND"))
    (pad "1" smd rect (at -0.9525 0) (size 0.889 1.397) (layers "B.Cu" "B.Paste" "B.Mask")
      (net 6 "+3V3"))
    (model "${KISYS3DMOD}/Resistor_SMD.3dshapes/R_0805_2012Metric.wrl"
      (at (xyz 0 0 0))
      (scale (xyz 1 1 1))
      (rotate (xyz 0 0 0))
    )
  )

  (module "Capacitor_SMD:C_0603_1608Metric_Pad1.05x0.95mm_HandSolder" (layer "B.Cu") (tedit 5B301BBE) (tstamp 5DC12C38)
    (at 138.8 99.7 90)
    (descr "Capacitor SMD 0603 (1608 Metric), square (rectangular) end terminal, IPC_7351 nominal with elongated pad for handsoldering. (Body size source: http://www.tortai-tech.com/upload/download/2011102023233369053.pdf), generated with kicad-footprint-generator")
    (tags "capacitor handsolder")
    (path "/5562302C")
    (attr smd)
    (fp_text reference "C2" (at 3.1 -0.2 270) (layer "B.SilkS")
      (effects (font (size 1 1) (thickness 0.15)) (justify mirror))
    )
    (fp_text value "100nF" (at 0 -1.43 270) (layer "B.Fab")
      (effects (font (size 1 1) (thickness 0.15)) (justify mirror))
    )
    (fp_line (start -0.8 -0.4) (end -0.8 0.4) (layer "B.Fab") (width 0.1))
    (fp_line (start -0.8 0.4) (end 0.8 0.4) (layer "B.Fab") (width 0.1))
    (fp_line (start 0.8 0.4) (end 0.8 -0.4) (layer "B.Fab") (width 0.1))
    (fp_line (start 0.8 -0.4) (end -0.8 -0.4) (layer "B.Fab") (width 0.1))
    (fp_line (start -0.171267 0.51) (end 0.171267 0.51) (layer "B.SilkS") (width 0.12))
    (fp_line (start -0.171267 -0.51) (end 0.171267 -0.51) (layer "B.SilkS") (width 0.12))
    (fp_line (start -1.65 -0.73) (end -1.65 0.73) (layer "B.CrtYd") (width 0.05))
    (fp_line (start -1.65 0.73) (end 1.65 0.73) (layer "B.CrtYd") (width 0.05))
    (fp_line (start 1.65 0.73) (end 1.65 -0.73) (layer "B.CrtYd") (width 0.05))
    (fp_line (start 1.65 -0.73) (end -1.65 -0.73) (layer "B.CrtYd") (width 0.05))
    (fp_text user "%R" (at 0 0 270) (layer "B.Fab")
      (effects (font (size 0.4 0.4) (thickness 0.06)) (justify mirror))
    )
    (pad "2" smd roundrect (at 0.875 0 90) (size 1.05 0.95) (layers "B.Cu" "B.Paste" "B.Mask") (roundrect_rratio 0.25)
      (net 2 "GND"))
    (pad "1" smd roundrect (at -0.875 0 90) (size 1.05 0.95) (layers "B.Cu" "B.Paste" "B.Mask") (roundrect_rratio 0.25)
      (net 3 "+5V"))
    (model "${KISYS3DMOD}/Capacitor_SMD.3dshapes/C_0603_1608Metric.wrl"
      (at (xyz 0 0 0))
      (scale (xyz 1 1 1))
      (rotate (xyz 0 0 0))
    )
  )

  (module "Package_TO_SOT_SMD:SOT-23-5" (layer "B.Cu") (tedit 5A02FF57) (tstamp 5DC13573)
    (at 137.6 105.9 -90)
    (descr "5-pin SOT23 package")
    (tags "SOT-23-5")
    (path "/5DA7F0DE")
    (attr smd)
    (fp_text reference "U2" (at 0 -2.4 90) (layer "B.SilkS")
      (effects (font (size 1 1) (thickness 0.15)) (justify mirror))
    )
    (fp_text value "MIC5504-3.3YM5" (at 0 -2.9 90) (layer "B.Fab")
      (effects (font (size 1 1) (thickness 0.15)) (justify mirror))
    )
    (fp_line (start 0.9 1.55) (end 0.9 -1.55) (layer "B.Fab") (width 0.1))
    (fp_line (start 0.9 -1.55) (end -0.9 -1.55) (layer "B.Fab") (width 0.1))
    (fp_line (start -0.9 0.9) (end -0.9 -1.55) (layer "B.Fab") (width 0.1))
    (fp_line (start 0.9 1.55) (end -0.25 1.55) (layer "B.Fab") (width 0.1))
    (fp_line (start -0.9 0.9) (end -0.25 1.55) (layer "B.Fab") (width 0.1))
    (fp_line (start -1.9 -1.8) (end -1.9 1.8) (layer "B.CrtYd") (width 0.05))
    (fp_line (start 1.9 -1.8) (end -1.9 -1.8) (layer "B.CrtYd") (width 0.05))
    (fp_line (start 1.9 1.8) (end 1.9 -1.8) (layer "B.CrtYd") (width 0.05))
    (fp_line (start -1.9 1.8) (end 1.9 1.8) (layer "B.CrtYd") (width 0.05))
    (fp_line (start 0.9 1.61) (end -1.55 1.61) (layer "B.SilkS") (width 0.12))
    (fp_line (start -0.9 -1.61) (end 0.9 -1.61) (layer "B.SilkS") (width 0.12))
    (fp_text user "%R" (at 0 0 180) (layer "B.Fab")
      (effects (font (size 0.5 0.5) (thickness 0.075)) (justify mirror))
    )
    (pad "1" smd rect (at -1.1 0.95 270) (size 1.06 0.65) (layers "B.Cu" "B.Paste" "B.Mask")
      (net 3 "+5V"))
    (pad "2" smd rect (at -1.1 0 270) (size 1.06 0.65) (layers "B.Cu" "B.Paste" "B.Mask")
      (net 2 "GND"))
    (pad "3" smd rect (at -1.1 -0.95 270) (size 1.06 0.65) (layers "B.Cu" "B.Paste" "B.Mask")
      (net 3 "+5V"))
    (pad "4" smd rect (at 1.1 -0.95 270) (size 1.06 0.65) (layers "B.Cu" "B.Paste" "B.Mask")
      (net 30 "Net-(U2-Pad4)"))
    (pad "5" smd rect (at 1.1 0.95 270) (size 1.06 0.65) (layers "B.Cu" "B.Paste" "B.Mask")
      (net 6 "+3V3"))
    (model "${KISYS3DMOD}/Package_TO_SOT_SMD.3dshapes/SOT-23-5.wrl"
      (at (xyz 0 0 0))
      (scale (xyz 1 1 1))
      (rotate (xyz 0 0 0))
    )
  )

  (module "Inductor_SMD:L_0402_1005Metric" (layer "B.Cu") (tedit 5B301BBE) (tstamp 5DC06428)
    (at 157.9 107.6)
    (descr "Inductor SMD 0402 (1005 Metric), square (rectangular) end terminal, IPC_7351 nominal, (Body size source: http://www.tortai-tech.com/upload/download/2011102023233369053.pdf), generated with kicad-footprint-generator")
    (tags "inductor")
    (path "/5DA88141")
    (attr smd)
    (fp_text reference "L3" (at -0.1 5.8) (layer "B.SilkS")
      (effects (font (size 1 1) (thickness 0.15)) (justify mirror))
    )
    (fp_text value "0R" (at 0 -1.17) (layer "B.Fab")
      (effects (font (size 1 1) (thickness 0.15)) (justify mirror))
    )
    (fp_text user "%R" (at 0 0) (layer "B.Fab")
      (effects (font (size 0.25 0.25) (thickness 0.04)) (justify mirror))
    )
    (fp_line (start 0.93 -0.47) (end -0.93 -0.47) (layer "B.CrtYd") (width 0.05))
    (fp_line (start 0.93 0.47) (end 0.93 -0.47) (layer "B.CrtYd") (width 0.05))
    (fp_line (start -0.93 0.47) (end 0.93 0.47) (layer "B.CrtYd") (width 0.05))
    (fp_line (start -0.93 -0.47) (end -0.93 0.47) (layer "B.CrtYd") (width 0.05))
    (fp_line (start 0.5 -0.25) (end -0.5 -0.25) (layer "B.Fab") (width 0.1))
    (fp_line (start 0.5 0.25) (end 0.5 -0.25) (layer "B.Fab") (width 0.1))
    (fp_line (start -0.5 0.25) (end 0.5 0.25) (layer "B.Fab") (width 0.1))
    (fp_line (start -0.5 -0.25) (end -0.5 0.25) (layer "B.Fab") (width 0.1))
    (pad "1" smd roundrect (at -0.485 0) (size 0.59 0.64) (layers "B.Cu" "B.Paste" "B.Mask") (roundrect_rratio 0.25)
      (net 29 "Net-(L3-Pad1)"))
    (pad "2" smd roundrect (at 0.485 0) (size 0.59 0.64) (layers "B.Cu" "B.Paste" "B.Mask") (roundrect_rratio 0.25)
      (net 11 "Net-(C11-Pad1)"))
    (model "${KISYS3DMOD}/Inductor_SMD.3dshapes/L_0402_1005Metric.wrl"
      (at (xyz 0 0 0))
      (scale (xyz 1 1 1))
      (rotate (xyz 0 0 0))
    )
  )

  (module "Capacitor_SMD:C_0603_1608Metric_Pad1.05x0.95mm_HandSolder" (layer "B.Cu") (tedit 5B301BBE) (tstamp 5DB6CA08)
    (at 155.8 114.1 90)
    (descr "Capacitor SMD 0603 (1608 Metric), square (rectangular) end terminal, IPC_7351 nominal with elongated pad for handsoldering. (Body size source: http://www.tortai-tech.com/upload/download/2011102023233369053.pdf), generated with kicad-footprint-generator")
    (tags "capacitor handsolder")
    (path "/5DA84B07")
    (attr smd)
    (fp_text reference "C1" (at -2.9 0.2 270) (layer "B.SilkS")
      (effects (font (size 1 1) (thickness 0.15)) (justify mirror))
    )
    (fp_text value "-" (at 0 -1.43 270) (layer "B.Fab")
      (effects (font (size 1 1) (thickness 0.15)) (justify mirror))
    )
    (fp_text user "%R" (at 0 0 270) (layer "B.Fab")
      (effects (font (size 0.4 0.4) (thickness 0.06)) (justify mirror))
    )
    (fp_line (start 1.65 -0.73) (end -1.65 -0.73) (layer "B.CrtYd") (width 0.05))
    (fp_line (start 1.65 0.73) (end 1.65 -0.73) (layer "B.CrtYd") (width 0.05))
    (fp_line (start -1.65 0.73) (end 1.65 0.73) (layer "B.CrtYd") (width 0.05))
    (fp_line (start -1.65 -0.73) (end -1.65 0.73) (layer "B.CrtYd") (width 0.05))
    (fp_line (start -0.171267 -0.51) (end 0.171267 -0.51) (layer "B.SilkS") (width 0.12))
    (fp_line (start -0.171267 0.51) (end 0.171267 0.51) (layer "B.SilkS") (width 0.12))
    (fp_line (start 0.8 -0.4) (end -0.8 -0.4) (layer "B.Fab") (width 0.1))
    (fp_line (start 0.8 0.4) (end 0.8 -0.4) (layer "B.Fab") (width 0.1))
    (fp_line (start -0.8 0.4) (end 0.8 0.4) (layer "B.Fab") (width 0.1))
    (fp_line (start -0.8 -0.4) (end -0.8 0.4) (layer "B.Fab") (width 0.1))
    (pad "1" smd roundrect (at -0.875 0 90) (size 1.05 0.95) (layers "B.Cu" "B.Paste" "B.Mask") (roundrect_rratio 0.25)
      (net 1 "Net-(C1-Pad1)"))
    (pad "2" smd roundrect (at 0.875 0 90) (size 1.05 0.95) (layers "B.Cu" "B.Paste" "B.Mask") (roundrect_rratio 0.25)
      (net 2 "GND"))
    (model "${KISYS3DMOD}/Capacitor_SMD.3dshapes/C_0603_1608Metric.wrl"
      (at (xyz 0 0 0))
      (scale (xyz 1 1 1))
      (rotate (xyz 0 0 0))
    )
  )

  (module "Capacitor_SMD:C_0603_1608Metric_Pad1.05x0.95mm_HandSolder" (layer "B.Cu") (tedit 5B301BBE) (tstamp 5DB6CAFE)
    (at 150.6 114.1 90)
    (descr "Capacitor SMD 0603 (1608 Metric), square (rectangular) end terminal, IPC_7351 nominal with elongated pad for handsoldering. (Body size source: http://www.tortai-tech.com/upload/download/2011102023233369053.pdf), generated with kicad-footprint-generator")
    (tags "capacitor handsolder")
    (path "/5DA84AC5")
    (attr smd)
    (fp_text reference "C3" (at -2.9 0 270) (layer "B.SilkS")
      (effects (font (size 1 1) (thickness 0.15)) (justify mirror))
    )
    (fp_text value "-" (at 0 -1.43 270) (layer "B.Fab")
      (effects (font (size 1 1) (thickness 0.15)) (justify mirror))
    )
    (fp_line (start -0.8 -0.4) (end -0.8 0.4) (layer "B.Fab") (width 0.1))
    (fp_line (start -0.8 0.4) (end 0.8 0.4) (layer "B.Fab") (width 0.1))
    (fp_line (start 0.8 0.4) (end 0.8 -0.4) (layer "B.Fab") (width 0.1))
    (fp_line (start 0.8 -0.4) (end -0.8 -0.4) (layer "B.Fab") (width 0.1))
    (fp_line (start -0.171267 0.51) (end 0.171267 0.51) (layer "B.SilkS") (width 0.12))
    (fp_line (start -0.171267 -0.51) (end 0.171267 -0.51) (layer "B.SilkS") (width 0.12))
    (fp_line (start -1.65 -0.73) (end -1.65 0.73) (layer "B.CrtYd") (width 0.05))
    (fp_line (start -1.65 0.73) (end 1.65 0.73) (layer "B.CrtYd") (width 0.05))
    (fp_line (start 1.65 0.73) (end 1.65 -0.73) (layer "B.CrtYd") (width 0.05))
    (fp_line (start 1.65 -0.73) (end -1.65 -0.73) (layer "B.CrtYd") (width 0.05))
    (fp_text user "%R" (at 0 0 270) (layer "B.Fab")
      (effects (font (size 0.4 0.4) (thickness 0.06)) (justify mirror))
    )
    (pad "2" smd roundrect (at 0.875 0 90) (size 1.05 0.95) (layers "B.Cu" "B.Paste" "B.Mask") (roundrect_rratio 0.25)
      (net 2 "GND"))
    (pad "1" smd roundrect (at -0.875 0 90) (size 1.05 0.95) (layers "B.Cu" "B.Paste" "B.Mask") (roundrect_rratio 0.25)
      (net 4 "Net-(C3-Pad1)"))
    (model "${KISYS3DMOD}/Capacitor_SMD.3dshapes/C_0603_1608Metric.wrl"
      (at (xyz 0 0 0))
      (scale (xyz 1 1 1))
      (rotate (xyz 0 0 0))
    )
  )

  (module "Capacitor_SMD:C_0603_1608Metric_Pad1.05x0.95mm_HandSolder" (layer "B.Cu") (tedit 5B301BBE) (tstamp 5DB6C93C)
    (at 148.4 108 90)
    (descr "Capacitor SMD 0603 (1608 Metric), square (rectangular) end terminal, IPC_7351 nominal with elongated pad for handsoldering. (Body size source: http://www.tortai-tech.com/upload/download/2011102023233369053.pdf), generated with kicad-footprint-generator")
    (tags "capacitor handsolder")
    (path "/5DA97017")
    (attr smd)
    (fp_text reference "C4" (at -2.8 0 270) (layer "B.SilkS")
      (effects (font (size 1 1) (thickness 0.15)) (justify mirror))
    )
    (fp_text value "470nF" (at 0 -1.43 270) (layer "B.Fab")
      (effects (font (size 1 1) (thickness 0.15)) (justify mirror))
    )
    (fp_text user "%R" (at 0 0 270) (layer "B.Fab")
      (effects (font (size 0.4 0.4) (thickness 0.06)) (justify mirror))
    )
    (fp_line (start 1.65 -0.73) (end -1.65 -0.73) (layer "B.CrtYd") (width 0.05))
    (fp_line (start 1.65 0.73) (end 1.65 -0.73) (layer "B.CrtYd") (width 0.05))
    (fp_line (start -1.65 0.73) (end 1.65 0.73) (layer "B.CrtYd") (width 0.05))
    (fp_line (start -1.65 -0.73) (end -1.65 0.73) (layer "B.CrtYd") (width 0.05))
    (fp_line (start -0.171267 -0.51) (end 0.171267 -0.51) (layer "B.SilkS") (width 0.12))
    (fp_line (start -0.171267 0.51) (end 0.171267 0.51) (layer "B.SilkS") (width 0.12))
    (fp_line (start 0.8 -0.4) (end -0.8 -0.4) (layer "B.Fab") (width 0.1))
    (fp_line (start 0.8 0.4) (end 0.8 -0.4) (layer "B.Fab") (width 0.1))
    (fp_line (start -0.8 0.4) (end 0.8 0.4) (layer "B.Fab") (width 0.1))
    (fp_line (start -0.8 -0.4) (end -0.8 0.4) (layer "B.Fab") (width 0.1))
    (pad "1" smd roundrect (at -0.875 0 90) (size 1.05 0.95) (layers "B.Cu" "B.Paste" "B.Mask") (roundrect_rratio 0.25)
      (net 5 "Net-(C4-Pad1)"))
    (pad "2" smd roundrect (at 0.875 0 90) (size 1.05 0.95) (layers "B.Cu" "B.Paste" "B.Mask") (roundrect_rratio 0.25)
      (net 2 "GND"))
    (model "${KISYS3DMOD}/Capacitor_SMD.3dshapes/C_0603_1608Metric.wrl"
      (at (xyz 0 0 0))
      (scale (xyz 1 1 1))
      (rotate (xyz 0 0 0))
    )
  )

  (module "Capacitor_SMD:C_0603_1608Metric_Pad1.05x0.95mm_HandSolder" (layer "B.Cu") (tedit 5B301BBE) (tstamp 5DB6C9D8)
    (at 146.8 104.3 90)
    (descr "Capacitor SMD 0603 (1608 Metric), square (rectangular) end terminal, IPC_7351 nominal with elongated pad for handsoldering. (Body size source: http://www.tortai-tech.com/upload/download/2011102023233369053.pdf), generated with kicad-footprint-generator")
    (tags "capacitor handsolder")
    (path "/5DA81C07")
    (attr smd)
    (fp_text reference "C5" (at 2.9 0 270) (layer "B.SilkS")
      (effects (font (size 1 1) (thickness 0.15)) (justify mirror))
    )
    (fp_text value "1uF" (at 0 -1.43 270) (layer "B.Fab")
      (effects (font (size 1 1) (thickness 0.15)) (justify mirror))
    )
    (fp_line (start -0.8 -0.4) (end -0.8 0.4) (layer "B.Fab") (width 0.1))
    (fp_line (start -0.8 0.4) (end 0.8 0.4) (layer "B.Fab") (width 0.1))
    (fp_line (start 0.8 0.4) (end 0.8 -0.4) (layer "B.Fab") (width 0.1))
    (fp_line (start 0.8 -0.4) (end -0.8 -0.4) (layer "B.Fab") (width 0.1))
    (fp_line (start -0.171267 0.51) (end 0.171267 0.51) (layer "B.SilkS") (width 0.12))
    (fp_line (start -0.171267 -0.51) (end 0.171267 -0.51) (layer "B.SilkS") (width 0.12))
    (fp_line (start -1.65 -0.73) (end -1.65 0.73) (layer "B.CrtYd") (width 0.05))
    (fp_line (start -1.65 0.73) (end 1.65 0.73) (layer "B.CrtYd") (width 0.05))
    (fp_line (start 1.65 0.73) (end 1.65 -0.73) (layer "B.CrtYd") (width 0.05))
    (fp_line (start 1.65 -0.73) (end -1.65 -0.73) (layer "B.CrtYd") (width 0.05))
    (fp_text user "%R" (at 0 0 270) (layer "B.Fab")
      (effects (font (size 0.4 0.4) (thickness 0.06)) (justify mirror))
    )
    (pad "2" smd roundrect (at 0.875 0 90) (size 1.05 0.95) (layers "B.Cu" "B.Paste" "B.Mask") (roundrect_rratio 0.25)
      (net 2 "GND"))
    (pad "1" smd roundrect (at -0.875 0 90) (size 1.05 0.95) (layers "B.Cu" "B.Paste" "B.Mask") (roundrect_rratio 0.25)
      (net 6 "+3V3"))
    (model "${KISYS3DMOD}/Capacitor_SMD.3dshapes/C_0603_1608Metric.wrl"
      (at (xyz 0 0 0))
      (scale (xyz 1 1 1))
      (rotate (xyz 0 0 0))
    )
  )

  (module "Capacitor_SMD:C_0603_1608Metric_Pad1.05x0.95mm_HandSolder" (layer "B.Cu") (tedit 5B301BBE) (tstamp 5DB6CBC4)
    (at 148.4 104.3 90)
    (descr "Capacitor SMD 0603 (1608 Metric), square (rectangular) end terminal, IPC_7351 nominal with elongated pad for handsoldering. (Body size source: http://www.tortai-tech.com/upload/download/2011102023233369053.pdf), generated with kicad-footprint-generator")
    (tags "capacitor handsolder")
    (path "/5DA8D998")
    (attr smd)
    (fp_text reference "C6" (at 2.9 0.1 270) (layer "B.SilkS")
      (effects (font (size 1 1) (thickness 0.15)) (justify mirror))
    )
    (fp_text value "100nF" (at 0 -1.43 270) (layer "B.Fab")
      (effects (font (size 1 1) (thickness 0.15)) (justify mirror))
    )
    (fp_line (start -0.8 -0.4) (end -0.8 0.4) (layer "B.Fab") (width 0.1))
    (fp_line (start -0.8 0.4) (end 0.8 0.4) (layer "B.Fab") (width 0.1))
    (fp_line (start 0.8 0.4) (end 0.8 -0.4) (layer "B.Fab") (width 0.1))
    (fp_line (start 0.8 -0.4) (end -0.8 -0.4) (layer "B.Fab") (width 0.1))
    (fp_line (start -0.171267 0.51) (end 0.171267 0.51) (layer "B.SilkS") (width 0.12))
    (fp_line (start -0.171267 -0.51) (end 0.171267 -0.51) (layer "B.SilkS") (width 0.12))
    (fp_line (start -1.65 -0.73) (end -1.65 0.73) (layer "B.CrtYd") (width 0.05))
    (fp_line (start -1.65 0.73) (end 1.65 0.73) (layer "B.CrtYd") (width 0.05))
    (fp_line (start 1.65 0.73) (end 1.65 -0.73) (layer "B.CrtYd") (width 0.05))
    (fp_line (start 1.65 -0.73) (end -1.65 -0.73) (layer "B.CrtYd") (width 0.05))
    (fp_text user "%R" (at 0 0 270) (layer "B.Fab")
      (effects (font (size 0.4 0.4) (thickness 0.06)) (justify mirror))
    )
    (pad "2" smd roundrect (at 0.875 0 90) (size 1.05 0.95) (layers "B.Cu" "B.Paste" "B.Mask") (roundrect_rratio 0.25)
      (net 2 "GND"))
    (pad "1" smd roundrect (at -0.875 0 90) (size 1.05 0.95) (layers "B.Cu" "B.Paste" "B.Mask") (roundrect_rratio 0.25)
      (net 6 "+3V3"))
    (model "${KISYS3DMOD}/Capacitor_SMD.3dshapes/C_0603_1608Metric.wrl"
      (at (xyz 0 0 0))
      (scale (xyz 1 1 1))
      (rotate (xyz 0 0 0))
    )
  )

  (module "Capacitor_SMD:C_0603_1608Metric_Pad1.05x0.95mm_HandSolder" (layer "B.Cu") (tedit 5B301BBE) (tstamp 5DC063FA)
    (at 158.475 111.7 180)
    (descr "Capacitor SMD 0603 (1608 Metric), square (rectangular) end terminal, IPC_7351 nominal with elongated pad for handsoldering. (Body size source: http://www.tortai-tech.com/upload/download/2011102023233369053.pdf), generated with kicad-footprint-generator")
    (tags "capacitor handsolder")
    (path "/5DA87F8E")
    (attr smd)
    (fp_text reference "C7" (at -0.125 -3.1 180) (layer "B.SilkS")
      (effects (font (size 1 1) (thickness 0.15)) (justify mirror))
    )
    (fp_text value "47nF" (at 0 -1.43 180) (layer "B.Fab")
      (effects (font (size 1 1) (thickness 0.15)) (justify mirror))
    )
    (fp_line (start -0.8 -0.4) (end -0.8 0.4) (layer "B.Fab") (width 0.1))
    (fp_line (start -0.8 0.4) (end 0.8 0.4) (layer "B.Fab") (width 0.1))
    (fp_line (start 0.8 0.4) (end 0.8 -0.4) (layer "B.Fab") (width 0.1))
    (fp_line (start 0.8 -0.4) (end -0.8 -0.4) (layer "B.Fab") (width 0.1))
    (fp_line (start -0.171267 0.51) (end 0.171267 0.51) (layer "B.SilkS") (width 0.12))
    (fp_line (start -0.171267 -0.51) (end 0.171267 -0.51) (layer "B.SilkS") (width 0.12))
    (fp_line (start -1.65 -0.73) (end -1.65 0.73) (layer "B.CrtYd") (width 0.05))
    (fp_line (start -1.65 0.73) (end 1.65 0.73) (layer "B.CrtYd") (width 0.05))
    (fp_line (start 1.65 0.73) (end 1.65 -0.73) (layer "B.CrtYd") (width 0.05))
    (fp_line (start 1.65 -0.73) (end -1.65 -0.73) (layer "B.CrtYd") (width 0.05))
    (fp_text user "%R" (at 0 0 180) (layer "B.Fab")
      (effects (font (size 0.4 0.4) (thickness 0.06)) (justify mirror))
    )
    (pad "2" smd roundrect (at 0.875 0 180) (size 1.05 0.95) (layers "B.Cu" "B.Paste" "B.Mask") (roundrect_rratio 0.25)
      (net 2 "GND"))
    (pad "1" smd roundrect (at -0.875 0 180) (size 1.05 0.95) (layers "B.Cu" "B.Paste" "B.Mask") (roundrect_rratio 0.25)
      (net 7 "Net-(C7-Pad1)"))
    (model "${KISYS3DMOD}/Capacitor_SMD.3dshapes/C_0603_1608Metric.wrl"
      (at (xyz 0 0 0))
      (scale (xyz 1 1 1))
      (rotate (xyz 0 0 0))
    )
  )

  (module "Capacitor_SMD:C_0603_1608Metric_Pad1.05x0.95mm_HandSolder" (layer "B.Cu") (tedit 5B301BBE) (tstamp 5DB6CBF4)
    (at 160.5 103.5)
    (descr "Capacitor SMD 0603 (1608 Metric), square (rectangular) end terminal, IPC_7351 nominal with elongated pad for handsoldering. (Body size source: http://www.tortai-tech.com/upload/download/2011102023233369053.pdf), generated with kicad-footprint-generator")
    (tags "capacitor handsolder")
    (path "/5DAC31FB")
    (attr smd)
    (fp_text reference "C8" (at 0 -3.3) (layer "B.SilkS")
      (effects (font (size 1 1) (thickness 0.15)) (justify mirror))
    )
    (fp_text value "1p8" (at 0 -1.43) (layer "B.Fab")
      (effects (font (size 1 1) (thickness 0.15)) (justify mirror))
    )
    (fp_text user "%R" (at 0 0) (layer "B.Fab")
      (effects (font (size 0.4 0.4) (thickness 0.06)) (justify mirror))
    )
    (fp_line (start 1.65 -0.73) (end -1.65 -0.73) (layer "B.CrtYd") (width 0.05))
    (fp_line (start 1.65 0.73) (end 1.65 -0.73) (layer "B.CrtYd") (width 0.05))
    (fp_line (start -1.65 0.73) (end 1.65 0.73) (layer "B.CrtYd") (width 0.05))
    (fp_line (start -1.65 -0.73) (end -1.65 0.73) (layer "B.CrtYd") (width 0.05))
    (fp_line (start -0.171267 -0.51) (end 0.171267 -0.51) (layer "B.SilkS") (width 0.12))
    (fp_line (start -0.171267 0.51) (end 0.171267 0.51) (layer "B.SilkS") (width 0.12))
    (fp_line (start 0.8 -0.4) (end -0.8 -0.4) (layer "B.Fab") (width 0.1))
    (fp_line (start 0.8 0.4) (end 0.8 -0.4) (layer "B.Fab") (width 0.1))
    (fp_line (start -0.8 0.4) (end 0.8 0.4) (layer "B.Fab") (width 0.1))
    (fp_line (start -0.8 -0.4) (end -0.8 0.4) (layer "B.Fab") (width 0.1))
    (pad "1" smd roundrect (at -0.875 0) (size 1.05 0.95) (layers "B.Cu" "B.Paste" "B.Mask") (roundrect_rratio 0.25)
      (net 8 "Net-(C8-Pad1)"))
    (pad "2" smd roundrect (at 0.875 0) (size 1.05 0.95) (layers "B.Cu" "B.Paste" "B.Mask") (roundrect_rratio 0.25)
      (net 2 "GND"))
    (model "${KISYS3DMOD}/Capacitor_SMD.3dshapes/C_0603_1608Metric.wrl"
      (at (xyz 0 0 0))
      (scale (xyz 1 1 1))
      (rotate (xyz 0 0 0))
    )
  )

  (module "Capacitor_SMD:C_0603_1608Metric_Pad1.05x0.95mm_HandSolder" (layer "B.Cu") (tedit 5B301BBE) (tstamp 5DC063CA)
    (at 158.475 110 180)
    (descr "Capacitor SMD 0603 (1608 Metric), square (rectangular) end terminal, IPC_7351 nominal with elongated pad for handsoldering. (Body size source: http://www.tortai-tech.com/upload/download/2011102023233369053.pdf), generated with kicad-footprint-generator")
    (tags "capacitor handsolder")
    (path "/5DA87FE8")
    (attr smd)
    (fp_text reference "C9" (at -0.125 -6.2 180) (layer "B.SilkS")
      (effects (font (size 1 1) (thickness 0.15)) (justify mirror))
    )
    (fp_text value "47pF" (at 0 -1.43 180) (layer "B.Fab")
      (effects (font (size 1 1) (thickness 0.15)) (justify mirror))
    )
    (fp_text user "%R" (at 0 0 180) (layer "B.Fab")
      (effects (font (size 0.4 0.4) (thickness 0.06)) (justify mirror))
    )
    (fp_line (start 1.65 -0.73) (end -1.65 -0.73) (layer "B.CrtYd") (width 0.05))
    (fp_line (start 1.65 0.73) (end 1.65 -0.73) (layer "B.CrtYd") (width 0.05))
    (fp_line (start -1.65 0.73) (end 1.65 0.73) (layer "B.CrtYd") (width 0.05))
    (fp_line (start -1.65 -0.73) (end -1.65 0.73) (layer "B.CrtYd") (width 0.05))
    (fp_line (start -0.171267 -0.51) (end 0.171267 -0.51) (layer "B.SilkS") (width 0.12))
    (fp_line (start -0.171267 0.51) (end 0.171267 0.51) (layer "B.SilkS") (width 0.12))
    (fp_line (start 0.8 -0.4) (end -0.8 -0.4) (layer "B.Fab") (width 0.1))
    (fp_line (start 0.8 0.4) (end 0.8 -0.4) (layer "B.Fab") (width 0.1))
    (fp_line (start -0.8 0.4) (end 0.8 0.4) (layer "B.Fab") (width 0.1))
    (fp_line (start -0.8 -0.4) (end -0.8 0.4) (layer "B.Fab") (width 0.1))
    (pad "1" smd roundrect (at -0.875 0 180) (size 1.05 0.95) (layers "B.Cu" "B.Paste" "B.Mask") (roundrect_rratio 0.25)
      (net 7 "Net-(C7-Pad1)"))
    (pad "2" smd roundrect (at 0.875 0 180) (size 1.05 0.95) (layers "B.Cu" "B.Paste" "B.Mask") (roundrect_rratio 0.25)
      (net 2 "GND"))
    (model "${KISYS3DMOD}/Capacitor_SMD.3dshapes/C_0603_1608Metric.wrl"
      (at (xyz 0 0 0))
      (scale (xyz 1 1 1))
      (rotate (xyz 0 0 0))
    )
  )

  (module "Capacitor_SMD:C_0603_1608Metric_Pad1.05x0.95mm_HandSolder" (layer "B.Cu") (tedit 5B301BBE) (tstamp 5DB6CB2E)
    (at 160.5 105.3 180)
    (descr "Capacitor SMD 0603 (1608 Metric), square (rectangular) end terminal, IPC_7351 nominal with elongated pad for handsoldering. (Body size source: http://www.tortai-tech.com/upload/download/2011102023233369053.pdf), generated with kicad-footprint-generator")
    (tags "capacitor handsolder")
    (path "/5DAC2D3C")
    (attr smd)
    (fp_text reference "C10" (at -0.1 3.5) (layer "B.SilkS")
      (effects (font (size 1 1) (thickness 0.15)) (justify mirror))
    )
    (fp_text value "2p4" (at 0 -1.43) (layer "B.Fab")
      (effects (font (size 1 1) (thickness 0.15)) (justify mirror))
    )
    (fp_text user "%R" (at 0 0) (layer "B.Fab")
      (effects (font (size 0.4 0.4) (thickness 0.06)) (justify mirror))
    )
    (fp_line (start 1.65 -0.73) (end -1.65 -0.73) (layer "B.CrtYd") (width 0.05))
    (fp_line (start 1.65 0.73) (end 1.65 -0.73) (layer "B.CrtYd") (width 0.05))
    (fp_line (start -1.65 0.73) (end 1.65 0.73) (layer "B.CrtYd") (width 0.05))
    (fp_line (start -1.65 -0.73) (end -1.65 0.73) (layer "B.CrtYd") (width 0.05))
    (fp_line (start -0.171267 -0.51) (end 0.171267 -0.51) (layer "B.SilkS") (width 0.12))
    (fp_line (start -0.171267 0.51) (end 0.171267 0.51) (layer "B.SilkS") (width 0.12))
    (fp_line (start 0.8 -0.4) (end -0.8 -0.4) (layer "B.Fab") (width 0.1))
    (fp_line (start 0.8 0.4) (end 0.8 -0.4) (layer "B.Fab") (width 0.1))
    (fp_line (start -0.8 0.4) (end 0.8 0.4) (layer "B.Fab") (width 0.1))
    (fp_line (start -0.8 -0.4) (end -0.8 0.4) (layer "B.Fab") (width 0.1))
    (pad "1" smd roundrect (at -0.875 0 180) (size 1.05 0.95) (layers "B.Cu" "B.Paste" "B.Mask") (roundrect_rratio 0.25)
      (net 9 "Net-(C10-Pad1)"))
    (pad "2" smd roundrect (at 0.875 0 180) (size 1.05 0.95) (layers "B.Cu" "B.Paste" "B.Mask") (roundrect_rratio 0.25)
      (net 10 "Net-(C10-Pad2)"))
    (model "${KISYS3DMOD}/Capacitor_SMD.3dshapes/C_0603_1608Metric.wrl"
      (at (xyz 0 0 0))
      (scale (xyz 1 1 1))
      (rotate (xyz 0 0 0))
    )
  )

  (module "Capacitor_SMD:C_0603_1608Metric_Pad1.05x0.95mm_HandSolder" (layer "B.Cu") (tedit 5B301BBE) (tstamp 5DC06340)
    (at 161.1 108.7 -90)
    (descr "Capacitor SMD 0603 (1608 Metric), square (rectangular) end terminal, IPC_7351 nominal with elongated pad for handsoldering. (Body size source: http://www.tortai-tech.com/upload/download/2011102023233369053.pdf), generated with kicad-footprint-generator")
    (tags "capacitor handsolder")
    (path "/5DA88312")
    (attr smd)
    (fp_text reference "C11" (at 3.3 -0.1 -90) (layer "B.SilkS")
      (effects (font (size 1 1) (thickness 0.15)) (justify mirror))
    )
    (fp_text value "-" (at 0 -1.43 -90) (layer "B.Fab")
      (effects (font (size 1 1) (thickness 0.15)) (justify mirror))
    )
    (fp_text user "%R" (at 0 0 -90) (layer "B.Fab")
      (effects (font (size 0.4 0.4) (thickness 0.06)) (justify mirror))
    )
    (fp_line (start 1.65 -0.73) (end -1.65 -0.73) (layer "B.CrtYd") (width 0.05))
    (fp_line (start 1.65 0.73) (end 1.65 -0.73) (layer "B.CrtYd") (width 0.05))
    (fp_line (start -1.65 0.73) (end 1.65 0.73) (layer "B.CrtYd") (width 0.05))
    (fp_line (start -1.65 -0.73) (end -1.65 0.73) (layer "B.CrtYd") (width 0.05))
    (fp_line (start -0.171267 -0.51) (end 0.171267 -0.51) (layer "B.SilkS") (width 0.12))
    (fp_line (start -0.171267 0.51) (end 0.171267 0.51) (layer "B.SilkS") (width 0.12))
    (fp_line (start 0.8 -0.4) (end -0.8 -0.4) (layer "B.Fab") (width 0.1))
    (fp_line (start 0.8 0.4) (end 0.8 -0.4) (layer "B.Fab") (width 0.1))
    (fp_line (start -0.8 0.4) (end 0.8 0.4) (layer "B.Fab") (width 0.1))
    (fp_line (start -0.8 -0.4) (end -0.8 0.4) (layer "B.Fab") (width 0.1))
    (pad "1" smd roundrect (at -0.875 0 270) (size 1.05 0.95) (layers "B.Cu" "B.Paste" "B.Mask") (roundrect_rratio 0.25)
      (net 11 "Net-(C11-Pad1)"))
    (pad "2" smd roundrect (at 0.875 0 270) (size 1.05 0.95) (layers "B.Cu" "B.Paste" "B.Mask") (roundrect_rratio 0.25)
      (net 2 "GND"))
    (model "${KISYS3DMOD}/Capacitor_SMD.3dshapes/C_0603_1608Metric.wrl"
      (at (xyz 0 0 0))
      (scale (xyz 1 1 1))
      (rotate (xyz 0 0 0))
    )
  )

  (module "Capacitor_SMD:C_0603_1608Metric_Pad1.05x0.95mm_HandSolder" (layer "B.Cu") (tedit 5B301BBE) (tstamp 5DB6C6CC)
    (at 163.1 104.4 90)
